phi,psi
65.49693298339844,-156.8764190673828
74.78816986083984,-155.685302734375
69.39217376708984,-156.98977661132812
85.17919158935547,-148.7866668701172
66.39189147949219,-117.90060424804688
52.39708709716797,-149.11354064941406
68.2708511352539,148.18312072753906
69.85413360595703,168.34617614746094
81.41277313232422,-174.78915405273438
67.56488800048828,165.44522094726562
72.93843078613281,-156.3057861328125
56.278865814208984,-153.1841278076172
75.11936950683594,-168.74786376953125
60.2365608215332,-153.39674377441406
54.11918640136719,-147.60614013671875
83.03585815429688,-179.01950073242188
60.98777389526367,-171.6007080078125
69.9588623046875,178.27703857421875
48.19707489013672,-178.69427490234375
55.299888610839844,-144.47471618652344
55.80643844604492,-174.19090270996094
59.77052307128906,-171.64756774902344
61.654537200927734,-145.22215270996094
42.87704849243164,-158.6104736328125
57.55448913574219,-123.18921661376953
40.24382019042969,-132.16641235351562
57.0110969543457,-153.26922607421875
54.478607177734375,-115.85381317138672
46.21208190917969,-150.71157836914062
53.13278579711914,-130.86907958984375
70.6219253540039,-137.4942169189453
53.82027816772461,-160.134521484375
54.848697662353516,-116.26983642578125
43.92700958251953,-113.0804443359375
41.81463623046875,-123.15367126464844
59.79509353637695,-131.15151977539062
74.30463409423828,-72.26134490966797
61.62485122680664,-51.86671447753906
57.0060920715332,-85.72923278808594
61.847557067871094,-79.54646301269531
70.38932037353516,-56.606170654296875
71.5246810913086,-44.71175003051758
60.373226165771484,-28.050508499145508
71.09186553955078,-44.36171340942383
78.493896484375,-26.060842514038086
70.09725952148438,-47.454463958740234
73.3244400024414,-45.80461502075195
60.94573974609375,-32.67790222167969
50.84718704223633,-47.96867752075195
69.56602478027344,-45.43193817138672
56.61723709106445,-49.315025329589844
58.208229064941406,-71.38422393798828
61.974361419677734,-29.50920295715332
53.646759033203125,7.6492156982421875
70.4399642944336,-28.158199310302734
53.2718505859375,-47.87092208862305
47.028865814208984,-55.97221374511719
63.72584533691406,-31.2741641998291
68.16561889648438,-16.84185218811035
37.319061279296875,-28.50782012939453
53.216068267822266,-43.35660934448242
60.19519805908203,-28.605709075927734
65.9971694946289,-65.89490509033203
57.367828369140625,-63.74005889892578
50.83575439453125,-61.32168960571289
49.734859466552734,-72.858642578125
68.25697326660156,-55.619964599609375
73.7308120727539,-43.65135955810547
63.64148712158203,-48.65682601928711
63.69803237915039,-37.0567512512207
68.01287841796875,-46.23545837402344
64.6240005493164,-48.986122131347656
60.478912353515625,-51.59992599487305
72.77979278564453,-59.88095474243164
69.37969970703125,-51.142433166503906
68.93744659423828,-61.62067794799805
76.58299255371094,-53.443355560302734
62.21812438964844,-61.63307571411133
90.45901489257812,-29.453529357910156
65.43353271484375,-47.98274612426758
65.77389526367188,-54.14924240112305
73.35286712646484,-42.73891830444336
66.85967254638672,-10.839181900024414
71.28569030761719,-10.366333961486816
77.10948181152344,3.376102924346924
62.68655014038086,2.8755457401275635
72.79953002929688,-30.25948143005371
71.8415756225586,-10.9860200881958
66.74130249023438,-29.30939483642578
75.7490005493164,-45.021827697753906
73.2753677368164,-39.33606719970703
73.8293685913086,10.688104629516602
75.5611801147461,-3.241520404815674
63.42458724975586,-35.648983001708984
78.46441650390625,-28.71448516845703
66.16849517822266,-9.127752304077148
57.88416290283203,-0.35705915093421936
57.60847473144531,42.056007385253906
44.22352981567383,33.176239013671875
50.43329620361328,24.28700828552246
65.50819396972656,-12.845584869384766
65.54022979736328,4.668692588806152
58.350746154785156,35.478294372558594
51.5814208984375,58.330787658691406
48.73516082763672,51.08308410644531
60.10152816772461,40.62222671508789
58.06935501098633,50.04425811767578
50.42940902709961,67.78286743164062
56.158790588378906,41.5884895324707
60.214500427246094,60.36283874511719
48.52976608276367,42.94218063354492
54.91755294799805,48.14503860473633
41.952125549316406,61.2032585144043
60.665279388427734,53.80664825439453
42.912322998046875,60.194515228271484
63.66156768798828,67.54241943359375
61.462852478027344,58.171146392822266
43.43720626831055,74.04667663574219
57.35867691040039,52.307682037353516
60.380001068115234,55.885738372802734
65.61771392822266,19.024137496948242
51.837528228759766,51.93989562988281
56.379364013671875,34.77781677246094
49.57487106323242,46.44704818725586
47.09952163696289,61.115177154541016
51.587974548339844,57.29697799682617
58.30344772338867,34.07418441772461
57.13253402709961,50.03672409057617
35.5836296081543,56.57674789428711
66.50139617919922,60.981201171875
67.30014038085938,44.764583587646484
56.76121520996094,60.22002029418945
46.98980712890625,32.9907341003418
56.74985885620117,38.79667282104492
43.5784797668457,48.19599151611328
61.031795501708984,34.925777435302734
52.390663146972656,41.94725799560547
58.66973876953125,42.710140228271484
55.467411041259766,49.74229049682617
51.1148567199707,45.78606033325195
40.74104309082031,61.28084182739258
31.541913986206055,64.95719909667969
61.2360725402832,32.55061721801758
52.70112991333008,37.87962341308594
49.980743408203125,35.51347351074219
37.85557556152344,33.271575927734375
55.015525817871094,27.455961227416992
50.326332092285156,39.75773620605469
48.6033935546875,55.139888763427734
51.3301887512207,43.615257263183594
60.16421127319336,46.72483444213867
55.16835021972656,40.88560104370117
56.1480827331543,43.48822021484375
54.49496078491211,55.909690856933594
54.867652893066406,46.317909240722656
62.07358932495117,43.0737190246582
45.07107162475586,38.64469528198242
47.76292419433594,39.483482360839844
57.10504150390625,51.43610763549805
55.80826187133789,21.424150466918945
56.344608306884766,52.58918380737305
66.12429809570312,20.34025764465332
52.94349670410156,46.23982238769531
63.2171745300293,48.388031005859375
51.38959503173828,49.81617736816406
57.40083694458008,33.07158660888672
55.98543930053711,38.2032356262207
64.18240356445312,45.6453971862793
62.0099983215332,42.43345260620117
61.40922927856445,44.86271286010742
44.198341369628906,44.266273498535156
58.08930206298828,-11.611945152282715
67.73667907714844,56.30253219604492
50.17101287841797,48.27646255493164
60.588069915771484,36.57774353027344
55.361289978027344,42.925071716308594
40.87216567993164,27.871856689453125
54.07194137573242,51.9451904296875
52.8004264831543,56.839237213134766
40.077293395996094,32.41885757446289
51.30023956298828,14.100061416625977
59.303524017333984,21.1538143157959
54.36785888671875,34.42975616455078
57.387718200683594,30.175081253051758
47.882625579833984,28.877296447753906
70.42495727539062,-6.513339519500732
64.9446029663086,3.5269901752471924
67.35444641113281,-26.708847045898438
67.69209289550781,-25.198999404907227
72.04535675048828,-3.366626739501953
51.40317153930664,21.28795623779297
47.89159393310547,34.21614456176758
63.7726936340332,31.342666625976562
61.11288833618164,27.019027709960938
65.53325653076172,-18.227893829345703
41.87440872192383,36.34595489501953
75.45176696777344,14.471216201782227
77.42535400390625,-24.5849666595459
60.536617279052734,6.5290303230285645
78.95575714111328,-11.729056358337402
65.3526382446289,9.141979217529297
65.55598449707031,-2.2701802253723145
62.0235710144043,39.65099334716797
55.73216247558594,18.59406280517578
44.62179946899414,43.91990661621094
64.2823715209961,26.084854125976562
66.66182708740234,45.467098236083984
65.82144927978516,61.78103256225586
68.80528259277344,42.02565383911133
48.55781173706055,50.270755767822266
38.85448455810547,54.78976821899414
54.095951080322266,39.41446304321289
61.911495208740234,32.75507354736328
55.17912292480469,31.22775650024414
45.848384857177734,41.534706115722656
53.847145080566406,33.36647415161133
49.68147277832031,43.478851318359375
45.024356842041016,40.725852966308594
64.92765045166016,44.594688415527344
44.46324157714844,59.55671310424805
38.83442306518555,58.687767028808594
52.64763641357422,42.711483001708984
54.54607391357422,52.13315200805664
31.328651428222656,37.31616973876953
51.31114959716797,32.30377960205078
75.39716339111328,38.229122161865234
64.5986557006836,43.67315673828125
51.95600128173828,52.937896728515625
39.960044860839844,57.212276458740234
47.029476165771484,62.607749938964844
45.156898498535156,44.00311279296875
62.09925842285156,24.37438201904297
51.28720474243164,30.415441513061523
41.82218933105469,31.562612533569336
61.70559310913086,19.109622955322266
60.252933502197266,44.98381423950195
57.712764739990234,24.59321403503418
41.50897216796875,60.64492416381836
49.179786682128906,33.53710174560547
39.956241607666016,39.80215835571289
79.79550170898438,38.496280670166016
51.81604766845703,45.081661224365234
49.969058990478516,51.40993118286133
61.776283264160156,25.111286163330078
51.91022491455078,24.58684539794922
68.19622039794922,41.36233139038086
59.948997497558594,10.788074493408203
41.65736770629883,41.256046295166016
52.93638610839844,28.76666259765625
47.24055862426758,17.93132972717285
49.06264114379883,56.895484924316406
45.28799819946289,34.784183502197266
58.59715270996094,43.988094329833984
32.71015167236328,58.55046081542969
48.90854263305664,54.29545974731445
48.82154846191406,33.87636184692383
38.73792266845703,36.12851333618164
48.68635940551758,58.1987190246582
62.02543640136719,44.944175720214844
72.70576477050781,22.216079711914062
43.32960510253906,55.76606750488281
65.98329162597656,46.464317321777344
49.28001022338867,39.73811721801758
56.02466583251953,65.54031372070312
48.05479431152344,58.88054275512695
60.95793151855469,29.791357040405273
55.58045196533203,43.99531936645508
70.71247100830078,32.20318603515625
51.83460235595703,47.64306640625
49.88033676147461,43.85778045654297
40.499141693115234,57.869266510009766
59.009033203125,33.726810455322266
43.559207916259766,45.924442291259766
33.57487106323242,59.90005874633789
41.75698471069336,38.73613357543945
53.211219787597656,39.35171890258789
39.734657287597656,48.354942321777344
51.213443756103516,50.536888122558594
62.077754974365234,31.26922607421875
58.90559768676758,54.23971176147461
48.05665969848633,27.664121627807617
61.77427673339844,55.8190803527832
55.29810333251953,50.69868469238281
42.66095733642578,53.21389389038086
39.712738037109375,62.12700653076172
59.296531677246094,24.04358673095703
70.47166442871094,35.329750061035156
51.18300247192383,50.52499008178711
61.33243942260742,54.554229736328125
56.63605499267578,56.07402420043945
56.522178649902344,49.0525016784668
60.82121276855469,42.2041130065918
52.61043167114258,41.965797424316406
43.550846099853516,52.7105598449707
66.05751037597656,40.06795120239258
49.10895919799805,57.15531921386719
43.35367202758789,52.061275482177734
49.20326232910156,49.982269287109375
51.666465759277344,49.07404327392578
61.71150588989258,81.82083892822266
56.310420989990234,35.98463439941406
56.26335144042969,42.293434143066406
68.04694366455078,47.68292236328125
34.958675384521484,55.546653747558594
45.29694366455078,40.676185607910156
51.083457946777344,42.48548126220703
46.58925247192383,44.8084602355957
49.4543342590332,30.871334075927734
52.9715576171875,36.10971450805664
49.19725799560547,35.9543342590332
65.1708984375,20.95406723022461
76.93867492675781,24.785350799560547
58.48183822631836,35.56168746948242
56.281978607177734,36.385498046875
65.89985656738281,51.598846435546875
57.902835845947266,47.46175003051758
51.25398254394531,48.511714935302734
63.42723846435547,52.66681671142578
46.72164535522461,52.88862609863281
59.82963180541992,53.438446044921875
59.93918991088867,54.926910400390625
58.17414474487305,64.13737487792969
62.447959899902344,43.24018096923828
61.862098693847656,46.25664138793945
74.84097290039062,38.85792541503906
80.60659790039062,36.104820251464844
75.28673553466797,34.66635513305664
77.71926879882812,60.87680435180664
58.20849609375,41.80033874511719
57.2802734375,46.952484130859375
79.01860809326172,14.286087989807129
57.65462875366211,41.148677825927734
73.6779556274414,71.28748321533203
56.274349212646484,54.64369201660156
65.17455291748047,53.62718200683594
56.299102783203125,41.8349609375
54.353858947753906,53.53388214111328
59.26378631591797,42.0118408203125
59.97069549560547,48.456947326660156
62.017822265625,17.609561920166016
56.71840286254883,42.52232360839844
67.67682647705078,13.735013961791992
76.6275634765625,43.706729888916016
52.6389274597168,36.07842254638672
46.44771194458008,42.586036682128906
45.774696350097656,44.266963958740234
67.73526000976562,22.97125244140625
56.27325439453125,13.289670944213867
64.02857208251953,40.707969665527344
51.11219787597656,44.067893981933594
81.39927673339844,14.296518325805664
53.49591827392578,35.03931427001953
61.798851013183594,6.59924840927124
53.837703704833984,39.25956344604492
64.28797149658203,28.686779022216797
40.215824127197266,53.871368408203125
46.83169937133789,52.70389938354492
74.63629150390625,15.571285247802734
70.50755310058594,16.150848388671875
70.07164001464844,37.72050857543945
69.618408203125,30.102367401123047
80.85355377197266,-3.082287311553955
77.42791748046875,6.517604351043701
49.9066162109375,43.750831604003906
57.16343688964844,56.70415115356445
61.96305465698242,36.57298278808594
61.22222137451172,36.43632888793945
67.49215698242188,74.46974182128906
63.653282165527344,52.273616790771484
60.422122955322266,67.80332946777344
47.489845275878906,55.38346862792969
50.76419448852539,49.851444244384766
42.60240173339844,76.97000885009766
44.06673049926758,62.52996063232422
63.7999267578125,64.18098449707031
55.55217742919922,48.5885124206543
36.023868560791016,62.198890686035156
56.45277786254883,47.6846809387207
45.16221618652344,57.65613555908203
56.451229095458984,48.86728286743164
39.10501480102539,34.68357849121094
39.11957931518555,44.22661590576172
70.38829803466797,32.92908477783203
52.72300720214844,47.46791076660156
63.45813751220703,39.765357971191406
62.55786895751953,-1.2232011556625366
75.58362579345703,-19.2322940826416
60.61076736450195,1.5130959749221802
56.88834762573242,38.38935089111328
62.34831237792969,35.43073272705078
55.592529296875,19.38521957397461
50.20084762573242,45.89453887939453
52.405433654785156,7.984027862548828
64.77184295654297,-26.962820053100586
60.63338088989258,-34.528873443603516
69.72427368164062,-24.552303314208984
57.037139892578125,-9.586862564086914
67.41380310058594,-25.417264938354492
53.70285415649414,-5.554898262023926
52.625736236572266,-38.073665618896484
63.3354377746582,-30.739200592041016
56.316314697265625,-46.64727020263672
65.80260467529297,-38.4279899597168
76.30249786376953,-25.701906204223633
52.957427978515625,39.66722869873047
62.351905822753906,30.387205123901367
66.59172821044922,38.82403564453125
64.78486633300781,43.95167541503906
44.47987747192383,32.01535415649414
44.546630859375,62.475894927978516
40.655757904052734,30.70379638671875
51.115211486816406,38.1851806640625
47.697486877441406,24.2895450592041
55.601898193359375,47.60396957397461
55.45891189575195,36.646610260009766
69.33553314208984,63.97274398803711
65.53700256347656,81.04591369628906
59.384891510009766,59.47786331176758
59.06134033203125,43.229644775390625
58.87050247192383,60.95103454589844
59.05019760131836,52.377933502197266
47.37165451049805,55.40273666381836
67.4993896484375,47.453155517578125
58.49365997314453,63.84137725830078
65.17974090576172,47.84852981567383
63.61785888671875,40.68232345581055
54.765350341796875,40.47334671020508
61.69730758666992,77.68286895751953
60.83589553833008,43.64363098144531
66.67975616455078,57.794612884521484
69.89754486083984,23.110960006713867
51.34334182739258,42.78245162963867
55.84785079956055,34.12494659423828
53.745506286621094,33.001399993896484
35.06914138793945,50.19684982299805
54.04137420654297,24.311552047729492
43.900978088378906,51.468868255615234
49.01795959472656,46.061767578125
47.09089279174805,54.96928024291992
58.225830078125,44.62517547607422
49.83972930908203,46.90880584716797
43.0247688293457,48.167720794677734
45.381099700927734,50.677490234375
57.393043518066406,52.719261169433594
63.2144889831543,58.58694839477539
48.206024169921875,44.99603271484375
51.93340301513672,35.813907623291016
54.66645812988281,62.23881149291992
51.798377990722656,68.81612396240234
55.48477554321289,33.816795349121094
56.26182174682617,51.34883499145508
53.50442123413086,51.49863815307617
68.92984008789062,39.98104476928711
64.30148315429688,44.8597526550293
51.55794143676758,62.36415100097656
47.887752532958984,35.43893814086914
53.341922760009766,47.483097076416016
57.673770904541016,51.859832763671875
40.419837951660156,54.73307418823242
50.36683654785156,43.784976959228516
64.51366424560547,32.37992858886719
48.51017379760742,49.19914245605469
71.23280334472656,13.580166816711426
61.13536834716797,61.91218566894531
54.939109802246094,39.316490173339844
55.4437370300293,34.63218307495117
49.117271423339844,48.361690521240234
47.56051254272461,46.96775436401367
57.706024169921875,48.38291931152344
60.91569519042969,69.08240509033203
36.43798828125,78.4020004272461
27.004281997680664,62.25884246826172
22.68321418762207,57.525665283203125
42.35838317871094,55.70320510864258
25.8076114654541,56.51246643066406
48.05154800415039,35.946468353271484
48.414852142333984,30.854902267456055
59.04537582397461,50.63385009765625
36.069679260253906,58.864288330078125
55.122928619384766,69.91966247558594
47.02767562866211,60.649200439453125
47.889732360839844,67.27716064453125
44.874488830566406,67.47852325439453
39.27265167236328,80.11041259765625
57.767311096191406,16.445144653320312
63.498661041259766,44.80436325073242
58.04603958129883,30.05259895324707
66.88641357421875,28.673648834228516
64.2005386352539,23.18193244934082
56.41578674316406,14.511635780334473
52.81687927246094,22.647342681884766
50.635746002197266,24.69903564453125
63.06371307373047,29.300273895263672
62.333961486816406,20.61175537109375
50.948394775390625,38.397701263427734
56.80704879760742,48.64597702026367
45.896461486816406,52.05622100830078
56.46432876586914,37.8513298034668
60.32082748413086,31.018735885620117
63.179779052734375,40.614681243896484
60.01578140258789,56.166194915771484
60.985382080078125,36.230594635009766
55.00584030151367,10.288919448852539
66.6563720703125,37.24665451049805
57.954185485839844,34.842193603515625
56.77478790283203,50.63661193847656
56.247344970703125,53.035335540771484
54.263004302978516,30.625822067260742
56.34059524536133,59.39944839477539
41.958824157714844,63.500648498535156
42.21867370605469,32.96920394897461
72.23641204833984,21.547456741333008
42.140316009521484,57.90911865234375
66.91656494140625,37.70939254760742
40.666481018066406,50.24724578857422
51.88255310058594,44.58831787109375
45.166412353515625,59.32142639160156
52.824310302734375,60.77171325683594
61.253875732421875,35.498050689697266
50.270084381103516,40.42659378051758
36.16372299194336,74.36077117919922
57.02043533325195,35.494869232177734
52.666778564453125,43.34390640258789
35.248470306396484,73.0995864868164
62.32250213623047,38.7318115234375
67.46409606933594,33.336021423339844
54.606136322021484,49.44171142578125
58.49681854248047,42.06995391845703
56.07923126220703,53.254600524902344
42.645240783691406,46.20956039428711
52.383182525634766,26.267974853515625
56.103084564208984,25.22068214416504
43.433631896972656,40.57150650024414
52.80155944824219,24.81312370300293
59.11871337890625,33.344825744628906
57.02912521362305,49.495445251464844
70.30271911621094,29.879562377929688
68.95330047607422,11.48281478881836
59.882137298583984,35.040653228759766
53.676727294921875,41.83797073364258
54.71161651611328,64.85955810546875
86.16546630859375,41.72198486328125
59.92420959472656,36.942378997802734
61.60639572143555,40.11576461791992
74.10371398925781,51.73271942138672
68.46949768066406,61.18438720703125
61.53695297241211,25.787168502807617
53.03169631958008,53.12847137451172
53.46812057495117,50.43351745605469
72.17631530761719,63.88813018798828
71.54650115966797,65.12776947021484
43.09943771362305,56.339500427246094
39.79928207397461,62.87759780883789
47.30231857299805,49.2095947265625
56.869319915771484,54.202911376953125
61.63302993774414,64.68527221679688
73.88895416259766,27.792879104614258
63.82487487792969,30.526487350463867
39.170654296875,39.069087982177734
42.52574157714844,52.22797393798828
71.62211608886719,19.0533504486084
67.63471984863281,-26.07439613342285
63.97343444824219,-64.12357330322266
53.02649688720703,24.146408081054688
59.89813232421875,23.396137237548828
67.9981460571289,9.853199005126953
46.27247619628906,44.90532302856445
49.40365982055664,47.39646530151367
55.282081604003906,49.62776565551758
56.75185012817383,34.2642707824707
54.98468017578125,33.435150146484375
57.379356384277344,11.779714584350586
45.406314849853516,24.128618240356445
48.04541015625,40.42348861694336
50.350372314453125,22.66965675354004
55.64321517944336,30.78523826599121
65.06790161132812,12.229598999023438
68.6077880859375,19.513917922973633
57.02983474731445,44.28480529785156
45.61702346801758,45.753849029541016
77.70633697509766,43.373783111572266
40.353904724121094,51.00003433227539
55.193458557128906,51.36955261230469
62.43356704711914,26.49254608154297
56.45945739746094,55.17025375366211
46.9006233215332,49.250038146972656
62.43838119506836,20.035293579101562
58.86631774902344,40.526981353759766
49.1062126159668,22.411666870117188
53.768497467041016,43.75956344604492
61.96532440185547,22.533388137817383
62.212974548339844,31.05061149597168
62.71770477294922,22.513874053955078
64.81929779052734,8.701820373535156
52.992767333984375,46.734954833984375
59.33441162109375,40.10108184814453
56.480892181396484,35.5909309387207
74.04124450683594,34.68324279785156
46.979434967041016,35.86370086669922
62.20127868652344,33.472450256347656
45.524993896484375,51.39976119995117
69.16512298583984,36.571380615234375
66.10755157470703,30.57242774963379
62.99312210083008,37.529884338378906
47.23942947387695,51.88056182861328
57.96650695800781,17.832618713378906
70.7371597290039,37.870513916015625
67.05635070800781,48.52708053588867
48.23318862915039,50.20336151123047
55.36419677734375,38.31917953491211
43.83402633666992,46.213623046875
44.06819152832031,49.6050910949707
51.57244873046875,45.151039123535156
56.985164642333984,25.78837013244629
64.90099334716797,-7.681309700012207
54.3023796081543,-9.840688705444336
62.395530700683594,-31.210346221923828
69.03857421875,-31.514781951904297
68.58184051513672,-56.27117919921875
74.79904174804688,-18.538833618164062
79.66553497314453,-53.79256057739258
81.88634490966797,-45.260555267333984
67.67495727539062,-55.80799865722656
73.92566680908203,-53.00918960571289
69.32469940185547,-44.161128997802734
80.9242172241211,-39.420379638671875
57.36540985107422,-53.65522384643555
58.89334487915039,-40.81378936767578
60.31352996826172,-43.71434020996094
55.717620849609375,-36.172874450683594
76.36219787597656,-27.6950740814209
77.36004638671875,-44.87462615966797
62.29519271850586,-65.50016021728516
64.43286895751953,-67.76239776611328
52.3284797668457,-113.68766784667969
43.6444206237793,-145.68362426757812
50.891395568847656,-151.20127868652344
68.7674560546875,-166.8768768310547
53.840240478515625,-176.7498016357422
71.28108978271484,-150.40643310546875
51.89683532714844,-130.3750762939453
53.21392059326172,-80.17646789550781
63.99754333496094,-70.99407958984375
76.27613830566406,-30.307743072509766
63.08565139770508,-19.2755126953125
70.0071029663086,-43.17340850830078
66.333251953125,-58.01741409301758
72.89990234375,-55.6164436340332
64.16496276855469,-40.812931060791016
68.32133483886719,-27.554536819458008
72.73680114746094,-8.617424011230469
52.73686981201172,15.120521545410156
65.65705108642578,15.726881980895996
43.903629302978516,29.23948097229004
61.506595611572266,12.518949508666992
55.637996673583984,15.698466300964355
61.289085388183594,14.949213981628418
68.29373931884766,-54.88304138183594
63.666969299316406,-22.992361068725586
65.14431762695312,-31.56875991821289
67.39395904541016,-24.407222747802734
64.35198211669922,-15.393292427062988
64.54107666015625,-12.646004676818848
60.80705261230469,-0.27188166975975037
60.195674896240234,-5.949421405792236
67.31510925292969,-26.84714698791504
71.89366149902344,-18.24417495727539
61.2107048034668,-37.53517532348633
67.22627258300781,-36.68541717529297
69.48661041259766,-22.155920028686523
54.70619201660156,-15.74312973022461
64.55403900146484,-42.5732421875
71.45563507080078,-33.78631591796875
56.77146911621094,17.76868438720703
39.5223274230957,16.208099365234375
55.7714729309082,4.270660877227783
64.87450408935547,57.897945404052734
51.45500946044922,41.100791931152344
42.04845428466797,50.806758880615234
63.89937210083008,34.02140426635742
63.558937072753906,12.79951286315918
48.34830856323242,31.828113555908203
66.60008239746094,-24.11153793334961
72.99312591552734,3.4651737213134766
64.21404266357422,31.126962661743164
63.30276870727539,40.21724319458008
62.07543182373047,14.347716331481934
66.06037902832031,22.714996337890625
54.57606506347656,48.32068634033203
60.81102752685547,27.81539535522461
55.629295349121094,20.42608070373535
69.4546890258789,27.85914421081543
41.148231506347656,76.32260131835938
52.250370025634766,38.492340087890625
51.24433135986328,34.40055465698242
49.225799560546875,50.18513107299805
58.15802764892578,32.003665924072266
34.41519546508789,56.92497634887695
46.73747634887695,47.489219665527344
61.94328308105469,46.30739212036133
41.59697341918945,30.9906063079834
37.74808120727539,15.77308177947998
47.14815902709961,30.234527587890625
51.604644775390625,46.78733444213867
41.735069274902344,49.45621871948242
50.7602653503418,48.15290832519531
72.9451904296875,50.19923400878906
36.7243537902832,60.34393310546875
52.37613296508789,55.59601593017578
56.27967071533203,52.795928955078125
55.31481170654297,57.81413269042969
63.637245178222656,54.8529167175293
52.854679107666016,55.927452087402344
50.71627426147461,54.18010711669922
43.51836395263672,89.9842758178711
46.89064407348633,48.81827163696289
36.600921630859375,60.729488372802734
52.55677032470703,36.101043701171875
55.606712341308594,42.960147857666016
59.32041549682617,45.432132720947266
47.112205505371094,67.02330780029297
52.9650993347168,71.43685913085938
53.31247329711914,52.76333999633789
56.42101287841797,36.348487854003906
39.72407913208008,44.36385726928711
39.61463928222656,51.92731857299805
62.12814712524414,66.45964813232422
53.39377975463867,58.165950775146484
43.60804748535156,66.87867736816406
37.32926940917969,66.54219055175781
49.41329574584961,72.59629821777344
52.27607727050781,65.68834686279297
51.814056396484375,48.11029052734375
35.212310791015625,48.453590393066406
52.318084716796875,52.30470657348633
57.37472152709961,60.0994987487793
43.138675689697266,68.6965103149414
49.2596321105957,56.410179138183594
43.53558349609375,70.9413833618164
54.18561553955078,54.91698455810547
41.272708892822266,56.9058837890625
65.0128173828125,56.470882415771484
54.940162658691406,78.02766418457031
56.582191467285156,41.40375518798828
55.31744384765625,58.272377014160156
60.419864654541016,60.30279541015625
60.05258560180664,50.431610107421875
58.24888229370117,56.378662109375
55.33271026611328,75.85262298583984
59.3226203918457,53.689083099365234
72.67375183105469,83.82789611816406
79.08731842041016,81.17407989501953
50.33343505859375,74.46664428710938
19.64933967590332,86.9044418334961
61.962974548339844,55.01432418823242
45.302921295166016,41.97004699707031
70.68270111083984,50.97298812866211
35.772220611572266,61.77727508544922
51.37565231323242,45.373817443847656
58.267704010009766,37.84175109863281
47.92762756347656,43.44156265258789
57.35905838012695,41.231285095214844
55.386985778808594,36.27787399291992
65.76972198486328,56.47664260864258
59.34972381591797,56.005924224853516
48.98246383666992,51.91218185424805
71.33011627197266,45.53229904174805
59.94741439819336,45.13665008544922
67.88292694091797,7.319300174713135
58.883575439453125,39.06022262573242
58.9022102355957,38.08937072753906
58.156333923339844,44.038124084472656
70.07454681396484,37.24067306518555
45.91355895996094,57.10236358642578
54.534461975097656,41.61207580566406
59.616539001464844,47.20084762573242
39.960140228271484,58.492881774902344
52.00606155395508,39.10518264770508
52.19718551635742,47.50719451904297
50.42393493652344,56.479496002197266
49.925724029541016,33.06647872924805
47.196590423583984,54.686222076416016
50.60917282104492,46.565189361572266
56.08024215698242,43.15407180786133
54.867671966552734,52.920291900634766
61.839942932128906,62.512359619140625
51.59820556640625,56.23262023925781
57.5508918762207,47.13915252685547
45.85456466674805,34.96827697753906
59.03131866455078,40.12409591674805
44.208499908447266,44.09072494506836
52.99915313720703,35.523250579833984
43.028907775878906,35.88308334350586
81.44210052490234,22.953947067260742
53.033729553222656,42.0301628112793
46.5363883972168,46.69390869140625
63.579227447509766,62.47628402709961
36.005958557128906,64.28001403808594
49.2463493347168,64.71172332763672
48.69707489013672,35.21113204956055
52.3317756652832,56.16409683227539
28.4014835357666,61.307186126708984
62.66633987426758,42.29289627075195
51.95893478393555,53.43461990356445
61.651702880859375,43.86449432373047
60.1575927734375,11.198688507080078
45.41648864746094,60.18842315673828
56.274017333984375,44.63488006591797
66.36470794677734,48.768531799316406
60.74637985229492,48.04184341430664
58.945152282714844,54.244144439697266
52.34607696533203,62.14872741699219
62.77218246459961,26.035232543945312
71.8679428100586,30.472126007080078
71.00493621826172,18.58537483215332
69.31721496582031,25.350805282592773
52.38922119140625,41.395164489746094
47.00370407104492,41.96721649169922
58.26328659057617,41.71675491333008
58.038490295410156,64.36222839355469
46.75385665893555,41.6102409362793
47.6992301940918,42.395164489746094
53.402374267578125,61.70196533203125
57.276580810546875,34.18388366699219
83.09200286865234,30.116750717163086
63.636199951171875,24.695775985717773
48.788394927978516,45.24184799194336
50.460811614990234,34.30391311645508
68.35494995117188,54.60287094116211
42.10771942138672,69.0809097290039
58.644500732421875,26.50704574584961
42.885162353515625,42.69002914428711
46.134986877441406,54.17502212524414
47.540096282958984,41.34540557861328
55.56808853149414,41.1457405090332
38.69981384277344,61.22357940673828
59.533878326416016,38.72610855102539
65.97022247314453,58.43764114379883
65.04338073730469,51.565650939941406
66.81734466552734,35.589908599853516
58.505943298339844,47.4854736328125
44.437721252441406,54.9898796081543
51.4915657043457,33.541839599609375
43.350257873535156,53.12269973754883
52.65654754638672,38.39046859741211
39.47404861450195,47.9791259765625
48.408348083496094,71.79598999023438
50.973907470703125,61.73096466064453
65.15941619873047,44.63998794555664
57.123111724853516,50.18859100341797
59.05461120605469,34.31147003173828
64.74452209472656,34.41905212402344
65.32152557373047,57.26445388793945
60.54370880126953,48.026939392089844
59.32772445678711,49.531158447265625
58.58590316772461,73.74256134033203
60.77086639404297,50.10129165649414
57.848392486572266,43.715721130371094
64.26927947998047,26.975208282470703
49.900901794433594,66.8839111328125
52.70955276489258,52.619117736816406
46.42100143432617,54.107059478759766
45.59650802612305,65.19198608398438
38.00340270996094,44.49186325073242
54.459205627441406,42.356441497802734
48.482330322265625,40.58805847167969
60.10967254638672,42.73967742919922
40.430580139160156,45.139888763427734
55.89153289794922,43.13778305053711
39.91756820678711,47.382179260253906
49.045982360839844,33.05939865112305
54.020965576171875,65.81526947021484
51.074886322021484,49.85597610473633
47.65593719482422,35.47456359863281
49.595977783203125,50.17673110961914
48.80704879760742,60.89092254638672
55.99493408203125,69.1947021484375
56.518707275390625,55.16338348388672
49.937313079833984,74.41399383544922
55.58066940307617,38.80487060546875
47.852203369140625,67.57115173339844
57.791175842285156,53.69862365722656
67.8116226196289,36.033409118652344
58.24514389038086,47.51985168457031
66.78795623779297,34.29299545288086
60.20164489746094,49.648929595947266
76.55252838134766,48.799156188964844
46.508522033691406,41.01940155029297
57.69129180908203,39.711238861083984
38.27876281738281,60.31070327758789
65.2055892944336,23.499099731445312
69.79659271240234,26.617807388305664
43.93574142456055,37.03759765625
56.381771087646484,67.1072998046875
57.84733963012695,47.9886589050293
65.30328369140625,41.549800872802734
65.3041000366211,41.088069915771484
34.93873977661133,63.972415924072266
49.78175354003906,39.48460388183594
43.28316879272461,48.466583251953125
51.44440841674805,52.87553787231445
71.8436050415039,12.127687454223633
49.109981536865234,14.91154670715332
48.282222747802734,44.54795455932617
53.23603057861328,33.38447570800781
54.21776580810547,69.8539810180664
63.34898376464844,22.8998966217041
69.86949920654297,58.461669921875
49.296531677246094,7.282966136932373
48.5015754699707,20.424673080444336
56.44207000732422,14.517005920410156
71.88482666015625,11.510722160339355
67.19561004638672,6.977927207946777
52.41738510131836,37.25735092163086
53.88644790649414,53.567928314208984
57.43477249145508,31.07061767578125
57.23421096801758,40.43227767944336
62.353614807128906,28.10181427001953
59.476688385009766,40.519161224365234
76.99195098876953,58.286712646484375
60.94728469848633,36.434410095214844
62.69691848754883,40.402706146240234
60.69547653198242,37.8748893737793
64.6368179321289,51.296974182128906
52.619537353515625,44.12945556640625
65.99667358398438,27.681673049926758
53.850582122802734,24.108366012573242
67.67047119140625,30.572813034057617
36.348934173583984,34.23714828491211
51.54936599731445,29.22394371032715
51.42466735839844,54.645347595214844
47.10312271118164,58.91571807861328
51.4342041015625,30.19243621826172
51.39111328125,36.51171875
51.99058532714844,37.012855529785156
41.22663497924805,43.06827926635742
60.072296142578125,17.342540740966797
42.64474105834961,36.29183578491211
51.26724624633789,44.407039642333984
52.847747802734375,41.55136489868164
55.28376388549805,-3.2741050720214844
71.08948516845703,-0.010295704007148743
84.13661193847656,-17.016618728637695
63.892913818359375,-36.396240234375
67.37003326416016,-10.358892440795898
72.73038482666016,-25.200822830200195
65.8232192993164,-28.11025619506836
66.65830993652344,-53.7772331237793
75.90988159179688,-49.85152816772461
76.87477111816406,-41.99199295043945
67.25933074951172,-42.742034912109375
60.568939208984375,-49.20518112182617
56.99748611450195,-47.48306655883789
63.69248580932617,30.111167907714844
58.59571075439453,31.323150634765625
58.386661529541016,36.02149200439453
55.07164764404297,-15.376703262329102
56.497379302978516,3.5942161083221436
66.44035339355469,-20.07791519165039
54.416255950927734,-7.107855796813965
72.18058776855469,-31.197843551635742
62.383323669433594,-39.19756317138672
72.6328353881836,-47.046180725097656
65.80655670166016,-36.408321380615234
73.66136169433594,-35.445613861083984
66.84954071044922,-48.02042007446289
45.45891571044922,-25.044248580932617
65.21501159667969,-34.72848892211914
56.39644241333008,-25.30171012878418
82.48482513427734,-56.73848342895508
78.86181640625,-24.411985397338867
66.87647247314453,-11.637060165405273
69.84953308105469,32.25963592529297
46.39101028442383,47.38999557495117
52.08898162841797,27.579145431518555
75.39723205566406,8.264348030090332
57.6405029296875,36.4725456237793
64.25563049316406,26.334836959838867
66.32573699951172,68.52277374267578
57.1195068359375,51.467864990234375
42.31489181518555,82.42296600341797
44.86315155029297,93.7983169555664
45.279258728027344,60.27167510986328
57.13100051879883,54.36355972290039
64.83348083496094,38.510433197021484
61.068321228027344,29.743282318115234
49.95889663696289,29.711267471313477
33.251792907714844,52.31195831298828
62.01668167114258,48.228702545166016
47.300594329833984,53.0195198059082
43.78690719604492,58.3349609375
67.7144546508789,12.122936248779297
48.477359771728516,42.92975997924805
48.93288040161133,52.68263626098633
66.1570053100586,48.040035247802734
54.94450759887695,46.4091682434082
51.75105667114258,83.6595230102539
45.94387435913086,87.20674896240234
48.81744384765625,38.23823547363281
47.57844924926758,34.99891662597656
