phi,psi
-121.612548828125,170.8032989501953
-150.8389892578125,170.95069885253906
-124.07561492919922,168.34930419921875
-155.91510009765625,145.42575073242188
-133.3896942138672,-177.6326446533203
-110.66841125488281,179.4734344482422
-136.16412353515625,152.31173706054688
-104.30963897705078,128.3580322265625
-123.33807373046875,161.37344360351562
-100.10722351074219,174.908203125
-110.11319732666016,-154.1358642578125
-131.32872009277344,176.91123962402344
-128.748779296875,129.61720275878906
-112.4608154296875,152.4730987548828
-143.9803924560547,155.88031005859375
-142.69483947753906,149.00125122070312
-112.89774322509766,160.46656799316406
-106.78070831298828,145.64578247070312
-95.80504608154297,159.25204467773438
-91.63307189941406,161.7913360595703
-108.1574935913086,149.55908203125
-139.46493530273438,164.50323486328125
-116.18167877197266,148.4783935546875
-107.99878692626953,158.95022583007812
-91.1700210571289,146.13473510742188
-122.6102523803711,158.2519989013672
-116.32075500488281,122.01189422607422
-110.95490264892578,162.94796752929688
-110.19691467285156,144.0651397705078
-81.04489135742188,163.08505249023438
-115.3884048461914,154.74969482421875
-89.72705078125,155.16114807128906
-138.31285095214844,163.4627227783203
-103.8058090209961,161.8101043701172
-113.24658203125,171.5272979736328
-105.97742462158203,147.39122009277344
-84.03633117675781,174.56114196777344
-116.18376159667969,150.64120483398438
-87.92340087890625,163.8527069091797
-92.95365905761719,-177.9095001220703
-101.53887939453125,-171.84605407714844
-98.98983764648438,165.73626708984375
-91.1480484008789,-179.64588928222656
-102.26492309570312,161.76034545898438
-72.41698455810547,-176.9857940673828
-85.54576110839844,166.75970458984375
-97.24241638183594,147.67184448242188
-74.32563018798828,159.79632568359375
-81.75704193115234,166.46359252929688
-69.83598327636719,125.65768432617188
-110.5462417602539,161.5333709716797
-80.83840942382812,167.4290313720703
-61.117862701416016,142.48379516601562
-86.82430267333984,147.0563507080078
-97.83637237548828,153.8958740234375
-74.31201171875,161.3640899658203
-76.97505950927734,141.0244598388672
-100.03258514404297,156.89881896972656
-95.60285186767578,144.9890899658203
-81.71868133544922,179.591064453125
-82.95932006835938,175.3567352294922
-91.3034896850586,145.10040283203125
-104.68243408203125,149.00106811523438
-90.18706512451172,153.11404418945312
-111.35167694091797,146.7874298095703
-74.16155242919922,162.7079315185547
-91.36251831054688,163.0998077392578
-88.22683715820312,172.268310546875
-56.88423538208008,132.49217224121094
-74.3712158203125,110.96306610107422
-88.20443725585938,114.5582046508789
-76.08554077148438,147.1868896484375
-64.3745346069336,154.58773803710938
-71.7645034790039,147.32481384277344
-93.6944808959961,140.7510528564453
-84.23210906982422,146.10679626464844
-65.04438781738281,125.12691497802734
-70.2015380859375,143.94610595703125
-65.43647003173828,158.7487335205078
-85.69625854492188,149.93243408203125
-69.75343322753906,133.7161102294922
-73.29818725585938,164.88497924804688
-91.37346649169922,147.47169494628906
-75.34222412109375,158.01361083984375
-69.72380065917969,146.49256896972656
-64.38872528076172,156.4810333251953
-90.6916275024414,-176.0259246826172
-99.48033142089844,164.7711944580078
-113.80663299560547,153.48843383789062
-91.33885955810547,164.80189514160156
-100.47856903076172,159.8902587890625
-94.01905822753906,151.13058471679688
-82.24445343017578,141.7788543701172
-97.46231079101562,150.32875061035156
-101.18171691894531,125.11112213134766
-134.5186004638672,135.44491577148438
-108.23368835449219,101.5429458618164
-113.79695129394531,130.30197143554688
-131.7247772216797,158.62579345703125
-145.60269165039062,149.27197265625
-116.54646301269531,159.26280212402344
-134.36961364746094,153.95892333984375
-128.43211364746094,156.47120666503906
-121.92683410644531,159.92459106445312
-105.32383728027344,162.51693725585938
-110.47596740722656,173.40431213378906
-124.97579193115234,172.63406372070312
-112.4433822631836,145.332763671875
-127.208740234375,142.00936889648438
-138.861572265625,153.30047607421875
-90.69252014160156,170.18093872070312
-104.60232543945312,165.7786102294922
-72.10975646972656,138.50543212890625
-85.5479736328125,-176.78550720214844
-97.79649353027344,159.77281188964844
-91.54518127441406,173.5406494140625
-90.82428741455078,169.3459930419922
-76.41167449951172,160.1147918701172
-76.02156829833984,170.61888122558594
-73.88740539550781,163.17718505859375
-64.30596923828125,143.92724609375
-75.58685302734375,143.36248779296875
-67.9216537475586,135.6391143798828
-68.17532348632812,163.11192321777344
-75.7541275024414,146.0817108154297
-107.14817810058594,163.1763458251953
-67.89756774902344,172.0459747314453
-77.1200942993164,177.87213134765625
-83.75836181640625,168.7996826171875
-72.06877899169922,163.2677459716797
-83.54651641845703,154.02357482910156
-68.09930419921875,160.3524627685547
-66.2445297241211,170.95230102539062
-74.9883041381836,150.2365264892578
-79.27354431152344,158.12803649902344
-92.30172729492188,166.2647247314453
-84.85990142822266,155.9071807861328
-75.31502532958984,159.88314819335938
-91.20272064208984,157.91622924804688
-81.6655044555664,164.24911499023438
-75.11121368408203,167.6571044921875
-92.42731475830078,164.0692901611328
-77.27404022216797,155.25160217285156
-67.04161071777344,146.16526794433594
-77.55770111083984,-177.09649658203125
-74.70455169677734,161.941650390625
-70.12932586669922,153.5714874267578
-79.22537231445312,153.83578491210938
-81.720947265625,149.43850708007812
-62.95369338989258,142.10752868652344
-85.0479507446289,127.5228500366211
-67.27828216552734,155.83285522460938
-90.20768737792969,149.94544982910156
-85.430419921875,153.81704711914062
-83.40711975097656,164.56370544433594
-62.32181167602539,148.7988739013672
-88.2112808227539,159.3948516845703
-64.74356842041016,134.83770751953125
-87.50296020507812,151.68896484375
-88.32591247558594,162.13247680664062
-85.66574096679688,157.91941833496094
-75.17852020263672,148.59237670898438
-85.92057800292969,156.0978240966797
-56.66828918457031,136.81785583496094
-104.96501922607422,148.73831176757812
-100.52133178710938,175.00546264648438
-69.66240692138672,146.48403930664062
-68.06336975097656,168.0517120361328
-98.51050567626953,143.1761016845703
-128.58424377441406,158.03805541992188
-95.5955810546875,-176.67214965820312
-124.91506958007812,153.74661254882812
-98.81356048583984,162.15145874023438
-65.82022094726562,153.2776336669922
-117.6956787109375,161.97561645507812
-84.80534362792969,160.2140350341797
-84.93110656738281,165.6710662841797
-95.30355834960938,160.26275634765625
-110.90885925292969,149.16831970214844
-67.33834838867188,161.44131469726562
-68.25843048095703,158.36749267578125
-80.0856704711914,152.70359802246094
-73.73863220214844,154.53738403320312
-82.6305923461914,151.43212890625
-90.32673645019531,153.78187561035156
-78.16315460205078,158.9661865234375
-90.80879974365234,157.2316131591797
-82.618408203125,133.59971618652344
-93.274169921875,130.2827606201172
-124.7548599243164,139.57708740234375
-91.32357025146484,148.92445373535156
-106.89085388183594,150.49110412597656
-79.3873291015625,145.13894653320312
-96.5110855102539,171.15713500976562
-79.90605926513672,162.2489013671875
-113.5149917602539,-178.43394470214844
-104.94403076171875,179.0808868408203
-80.62344360351562,169.9060821533203
-93.91473388671875,162.73399353027344
-98.40791320800781,-178.787353515625
-69.36622619628906,170.5406951904297
-79.68034362792969,168.00942993164062
-91.3725357055664,172.33407592773438
-83.38104248046875,155.4281768798828
-83.88107299804688,139.86148071289062
-82.09098052978516,162.05894470214844
-83.85721588134766,160.9584197998047
-79.3833999633789,139.11033630371094
-82.61312866210938,146.6082000732422
-54.49907684326172,128.46617126464844
-83.70506286621094,167.97756958007812
-60.97784423828125,129.5464630126953
-68.47562408447266,128.1121063232422
-47.053707122802734,149.80137634277344
-85.78486633300781,147.50155639648438
-82.32975769042969,151.03439331054688
-72.09264373779297,151.29978942871094
-65.30130767822266,138.8147735595703
-94.88465118408203,154.4722900390625
-81.09688568115234,143.68687438964844
-81.3394775390625,155.19784545898438
-70.83699798583984,157.87118530273438
-61.11406326293945,153.90916442871094
-65.82286834716797,147.06207275390625
-80.11116790771484,140.9352569580078
-59.140567779541016,129.49273681640625
-57.72713851928711,150.94174194335938
-63.06169128417969,140.00440979003906
-60.94357681274414,149.8166046142578
-74.20281219482422,148.2729949951172
-64.48841857910156,171.71734619140625
-70.90278625488281,164.01220703125
-70.62849426269531,152.2158203125
-82.38864135742188,153.18289184570312
-77.13778686523438,165.83303833007812
-76.39644622802734,160.86093139648438
-77.38343811035156,134.31283569335938
-85.30400848388672,161.28701782226562
-84.31050872802734,137.3196563720703
-96.96044158935547,158.8161163330078
-72.70765686035156,146.8073272705078
-71.88619232177734,152.44203186035156
-77.25801849365234,142.68162536621094
-80.47237396240234,156.63514709472656
-82.48088836669922,149.87307739257812
-71.65833282470703,139.5127410888672
-72.6090087890625,162.83128356933594
-67.1023178100586,161.86973571777344
-77.9281005859375,153.3701934814453
-69.22534942626953,149.86605834960938
-74.56600189208984,138.9043731689453
-52.56448745727539,158.64610290527344
-86.9609375,157.92291259765625
-85.88333129882812,163.70803833007812
-80.26402282714844,132.36068725585938
-64.71346282958984,130.90240478515625
-67.95484924316406,169.05226135253906
-88.06869506835938,149.13629150390625
-85.26774597167969,154.2061767578125
-64.05457305908203,149.8133087158203
-89.02017974853516,132.29800415039062
-77.75182342529297,156.3197479248047
-72.01095581054688,147.33360290527344
-70.64796447753906,143.6511993408203
-69.34229278564453,141.33737182617188
-76.93114471435547,136.88279724121094
-99.70420837402344,144.44302368164062
-70.80451202392578,159.83619689941406
-93.7808837890625,150.92361450195312
-76.11885833740234,155.20809936523438
-74.44300842285156,145.0353546142578
-99.9068832397461,161.44154357910156
-88.1325454711914,161.4525146484375
-68.60814666748047,157.90499877929688
-62.07001876831055,160.7570343017578
-82.0169448852539,147.31629943847656
-85.32971954345703,168.81581115722656
-79.7018814086914,149.989013671875
-82.2424087524414,167.1701202392578
-69.07537841796875,161.1501922607422
-74.83638000488281,149.95159912109375
-69.86605834960938,170.6279754638672
-77.6458740234375,161.07424926757812
-73.00931549072266,146.77392578125
-76.3687515258789,179.30099487304688
-87.09008026123047,-179.54405212402344
-98.70914459228516,-166.1099395751953
-90.451904296875,-178.45777893066406
-87.37671661376953,161.90805053710938
-79.22998046875,167.7074432373047
-69.7149658203125,151.0681610107422
-74.81025695800781,141.5790557861328
-70.99700164794922,152.25360107421875
-90.83235168457031,146.68667602539062
-76.90351104736328,161.66455078125
-74.65595245361328,156.31161499023438
-85.67576599121094,150.74818420410156
-80.20777130126953,168.08457946777344
-81.0753402709961,169.880859375
-61.48799514770508,155.54566955566406
-91.23120880126953,163.89617919921875
-97.38304901123047,172.5331573486328
-103.4703140258789,-172.3248291015625
-85.53366088867188,-179.10118103027344
-93.10779571533203,149.1968231201172
-104.1570816040039,158.3152313232422
-66.45468139648438,147.02406311035156
-146.056640625,157.10888671875
-100.68999481201172,160.54071044921875
-72.13335418701172,159.85104370117188
-90.45738220214844,160.46109008789062
-96.81208038330078,151.50473022460938
-94.60059356689453,163.33473205566406
-79.55524444580078,-177.29864501953125
-100.87609100341797,167.3195037841797
-99.36710357666016,167.39413452148438
-102.30868530273438,-170.73239135742188
-143.47146606445312,163.62240600585938
-104.96096801757812,155.72654724121094
-118.74131774902344,163.92466735839844
-102.69141387939453,162.7009735107422
-111.64625549316406,176.30543518066406
-136.35858154296875,168.43746948242188
-139.54954528808594,152.04556274414062
-144.01113891601562,160.9331817626953
-128.38241577148438,167.5923614501953
-118.09068298339844,151.74502563476562
-113.85697174072266,166.90966796875
-98.72620391845703,171.11248779296875
-126.3943099975586,178.06414794921875
-105.34752655029297,151.68626403808594
-110.55171203613281,178.52084350585938
-102.10963439941406,-175.65908813476562
-121.77970886230469,-173.04656982421875
-117.53014373779297,-176.28204345703125
-124.62031555175781,165.4434051513672
-106.63948822021484,-174.03863525390625
-95.26526641845703,167.8202667236328
-103.82350158691406,174.24285888671875
-123.33821105957031,174.3994903564453
-114.63164520263672,-166.17735290527344
-141.1071319580078,142.8874969482422
-108.76433563232422,141.25714111328125
-120.26398468017578,172.80348205566406
-111.81491088867188,158.1206512451172
-118.4857177734375,134.19161987304688
-125.84087371826172,146.3462677001953
-125.16258239746094,156.6996612548828
-147.70875549316406,155.00282287597656
-126.34622192382812,151.12232971191406
-100.59004211425781,171.0188751220703
-88.52120208740234,174.44906616210938
-121.02721405029297,152.2538299560547
-106.88798522949219,153.01210021972656
-121.24799346923828,177.7943572998047
-113.51019287109375,169.12940979003906
-141.13624572753906,157.78884887695312
-110.49543762207031,162.85244750976562
-117.37181091308594,145.038818359375
-118.6441879272461,173.22132873535156
-102.11875915527344,158.2692108154297
-113.62715148925781,-171.2564239501953
-127.46725463867188,160.7279510498047
-110.78201293945312,160.8863067626953
-111.18746185302734,173.3994598388672
-99.66222381591797,169.88845825195312
-87.5281753540039,143.58273315429688
-86.85160827636719,165.8839874267578
-76.35147857666016,173.5517120361328
-87.98413848876953,160.07981872558594
-122.07708740234375,159.97476196289062
-80.71598052978516,163.3445281982422
-101.09994506835938,159.2362518310547
-90.81053924560547,160.9516143798828
-107.89275360107422,143.504638671875
-111.72787475585938,134.44647216796875
-72.99742889404297,137.81671142578125
-87.65227508544922,126.20893859863281
-95.78361511230469,175.04209899902344
-71.70992279052734,147.26905822753906
-74.55641174316406,169.11346435546875
-72.67623138427734,151.93673706054688
-89.14910125732422,162.41665649414062
-134.63145446777344,161.89759826660156
-99.97396087646484,158.5321044921875
-105.77301788330078,161.86268615722656
-91.83600616455078,158.16416931152344
-100.19573211669922,167.54161071777344
-88.693115234375,145.22682189941406
-77.2891616821289,132.05043029785156
-80.2806625366211,155.2006378173828
-99.7689208984375,155.3744659423828
-95.19308471679688,-174.194091796875
-100.84880828857422,170.99073791503906
-84.59573364257812,173.12644958496094
-71.53751373291016,173.80807495117188
-77.91881561279297,174.06080627441406
-81.47466278076172,167.961181640625
-103.10334777832031,156.13388061523438
-82.16181182861328,116.84459686279297
-89.5177001953125,147.34739685058594
-71.55350494384766,133.13848876953125
-94.11256408691406,158.15771484375
-79.62760162353516,146.37643432617188
-74.05963134765625,157.40701293945312
-123.46533203125,152.91085815429688
-103.29698944091797,152.2295684814453
-110.64852142333984,156.40794372558594
-107.97991943359375,155.1688232421875
-112.0648422241211,155.00294494628906
-128.23695373535156,148.3382110595703
-128.98764038085938,171.7861785888672
-115.21968078613281,140.03848266601562
-140.0936279296875,161.47576904296875
-107.03009796142578,145.43585205078125
-112.28274536132812,164.93898010253906
-99.59263610839844,149.4952392578125
-102.01295471191406,179.9488525390625
-130.16673278808594,166.8885498046875
-117.26316833496094,149.3863525390625
-101.68028259277344,157.7438201904297
-111.23248291015625,152.5740966796875
-114.14373779296875,177.21975708007812
-107.82044219970703,160.01068115234375
-114.5309066772461,159.70480346679688
-94.24552917480469,164.24581909179688
-92.62162017822266,155.25962829589844
-112.8471908569336,149.4633026123047
-106.4897689819336,147.05075073242188
-123.71990966796875,133.30609130859375
-137.44166564941406,146.00289916992188
-134.78497314453125,149.0631866455078
-121.74778747558594,151.4564208984375
-124.63859558105469,149.4942169189453
-106.6982192993164,148.98587036132812
-117.977783203125,142.00938415527344
-127.10550689697266,163.52308654785156
-130.17762756347656,169.95616149902344
-98.30453491210938,-178.38595581054688
-84.12306213378906,165.4000701904297
-80.1107406616211,144.9907684326172
-91.49555206298828,136.5404510498047
-94.3990249633789,157.41595458984375
-79.00244140625,156.3001708984375
-90.62374114990234,168.98928833007812
-79.0652847290039,176.5876922607422
-70.99105834960938,121.6821517944336
-99.46754455566406,174.05613708496094
-121.47191619873047,138.5441436767578
-117.22911071777344,155.36453247070312
-115.89993286132812,141.7384490966797
-120.53486633300781,156.04931640625
-111.05474090576172,144.20217895507812
-84.30765533447266,151.1444549560547
-109.5001220703125,-175.74362182617188
-118.37545013427734,156.07843017578125
-100.13806915283203,155.60696411132812
-96.15684509277344,162.4756622314453
-108.74310302734375,141.75656127929688
-111.69477844238281,149.65745544433594
-120.22111511230469,160.5166778564453
-99.20093536376953,151.7941436767578
-99.32140350341797,149.4344482421875
-106.89444732666016,174.20005798339844
-74.40644836425781,161.53851318359375
-79.4867172241211,152.61900329589844
-93.89981842041016,165.77256774902344
-119.84909057617188,159.61181640625
-119.46613311767578,154.9583740234375
-64.33027648925781,157.38851928710938
-119.07051849365234,163.5313720703125
-97.9167709350586,167.70303344726562
-106.51918029785156,159.7412567138672
-89.98206329345703,158.6360321044922
-112.33143615722656,-175.94473266601562
-97.14253997802734,163.43417358398438
-83.86154174804688,165.02859497070312
-101.86727905273438,154.87765502929688
-86.62117767333984,131.62770080566406
-81.48098754882812,149.37579345703125
-61.09450912475586,167.86378479003906
-78.22978210449219,169.4564971923828
-97.00028228759766,158.67282104492188
-89.86054229736328,170.19248962402344
-96.16828918457031,-171.40113830566406
-108.46216583251953,162.97576904296875
-91.21001434326172,148.89056396484375
-75.96839904785156,156.66188049316406
-110.45691680908203,150.1597137451172
-85.56366729736328,157.08387756347656
-66.96619415283203,163.4606475830078
-74.76406860351562,160.46939086914062
-81.03084564208984,168.39146423339844
-73.52872467041016,177.44668579101562
-67.83272552490234,164.24363708496094
-78.52983093261719,159.95742797851562
-82.7726821899414,163.5919189453125
-69.30807495117188,153.5630340576172
-72.70492553710938,147.0509490966797
-69.19347381591797,142.7957305908203
-77.06134796142578,164.59243774414062
-72.05609130859375,162.12814331054688
-99.91710662841797,151.77012634277344
-67.45597076416016,165.49185180664062
-88.77802276611328,150.48941040039062
-71.70362854003906,150.8186492919922
-88.92906188964844,171.5350341796875
-78.16780853271484,139.8574981689453
-86.28886413574219,153.10293579101562
-92.10867309570312,175.06407165527344
-74.9959487915039,132.82223510742188
-101.34390258789062,137.9450225830078
-91.27354431152344,149.68971252441406
-72.89656066894531,-178.64306640625
-83.18791198730469,164.32130432128906
-96.34727478027344,142.59901428222656
-109.2072525024414,143.9617919921875
-83.53531646728516,156.25563049316406
-123.25628662109375,141.9990997314453
-102.09220123291016,168.7053985595703
-111.24394226074219,148.5149383544922
-105.8364028930664,140.76742553710938
-140.47421264648438,134.49569702148438
-106.17985534667969,-177.70921325683594
-129.4693603515625,163.2783203125
-104.01342010498047,168.7830810546875
-121.78752899169922,170.57151794433594
-107.5602035522461,168.1203155517578
-126.36420440673828,157.78848266601562
-124.64713287353516,167.7998504638672
-96.427734375,150.8158721923828
-105.90149688720703,158.07620239257812
-95.67094421386719,171.9680633544922
-104.64508056640625,160.66632080078125
-97.7159423828125,156.75735473632812
-107.06707763671875,150.64892578125
-69.0609130859375,166.16717529296875
-101.4364242553711,167.61871337890625
-84.05642700195312,171.3016357421875
-115.0367202758789,-178.41900634765625
-102.03704071044922,156.06179809570312
-133.36749267578125,151.8932342529297
-126.74756622314453,149.44374084472656
-118.87682342529297,154.515380859375
-119.27503967285156,150.31314086914062
-119.69667053222656,148.3247833251953
-112.61510467529297,166.30776977539062
-127.08023834228516,174.79702758789062
-100.5101318359375,132.63394165039062
-109.91325378417969,135.3839111328125
-79.7083511352539,147.51620483398438
-133.682861328125,129.87806701660156
-97.34817504882812,164.67543029785156
-84.68744659423828,154.07208251953125
-92.68415069580078,158.198974609375
-114.1991958618164,160.57708740234375
-107.2521743774414,153.53025817871094
-103.88790893554688,172.42727661132812
-113.54838562011719,165.17466735839844
-94.83504486083984,148.8378448486328
-97.73452758789062,148.5426025390625
-100.05848693847656,-177.4035186767578
-129.0927276611328,177.17857360839844
-98.80551147460938,169.4568328857422
-105.58795166015625,141.0
-90.04586791992188,162.5032501220703
-105.9374771118164,170.8955078125
-107.44751739501953,149.0003662109375
-129.0902099609375,155.64393615722656
-69.43821716308594,131.98907470703125
-69.1280517578125,154.6134033203125
-73.8879165649414,152.50906372070312
-87.52125549316406,155.9689483642578
-43.90956115722656,144.9502716064453
-82.19257354736328,-168.85287475585938
-64.69720458984375,165.96127319335938
-94.30913543701172,151.03070068359375
-88.79370880126953,170.93125915527344
-95.78348541259766,158.40078735351562
-90.23289489746094,171.98019409179688
-81.98048400878906,142.96990966796875
-62.206092834472656,153.1167449951172
-87.99691772460938,161.34494018554688
-95.56422424316406,158.15745544433594
-90.63494110107422,159.4328155517578
-80.66915893554688,156.23049926757812
-82.53036499023438,164.96963500976562
-56.49375534057617,144.3391571044922
-70.13056182861328,151.19834899902344
-69.19990539550781,176.4752960205078
-92.751953125,165.68357849121094
-89.53459167480469,171.43673706054688
-82.14164733886719,166.0274658203125
-96.675048828125,176.93919372558594
-78.26039123535156,152.59848022460938
-86.5600357055664,164.9287567138672
-98.17546081542969,169.0742950439453
-79.71832275390625,161.78472900390625
-76.99140930175781,165.90745544433594
-58.641963958740234,133.88140869140625
-91.66169738769531,107.99752044677734
-94.87088775634766,140.54129028320312
-73.24557495117188,166.12130737304688
-93.6325912475586,172.88339233398438
-78.04080963134766,154.78836059570312
-79.09292602539062,160.9300079345703
-98.04126739501953,173.7877197265625
-106.24752044677734,177.05169677734375
-107.84158325195312,-176.25811767578125
-101.33683013916016,166.4805450439453
-95.79161834716797,161.152587890625
-97.90451049804688,-155.6844024658203
-85.60384368896484,-169.41860961914062
-47.460121154785156,152.71498107910156
-69.90245056152344,158.8115997314453
-73.332763671875,150.1001434326172
-77.75245666503906,146.61434936523438
-85.75206756591797,164.86842346191406
-67.62703704833984,156.17031860351562
-64.01165771484375,156.4416961669922
-66.81377410888672,149.31338500976562
-91.91395568847656,144.0559844970703
-82.63160705566406,161.44154357910156
-65.95124053955078,157.63677978515625
-64.93102264404297,-177.11546325683594
-43.761287689208984,167.656494140625
-61.5643310546875,164.74783325195312
-63.59844970703125,147.09840393066406
-84.45826721191406,162.26864624023438
-81.40241241455078,157.20098876953125
-68.26284790039062,165.34176635742188
-80.08924102783203,140.05096435546875
-105.7190933227539,154.7624969482422
-87.30616760253906,146.34552001953125
-61.31507110595703,165.49725341796875
-81.41544342041016,141.0921630859375
-81.0727767944336,143.41432189941406
-110.17554473876953,136.0550994873047
-91.51648712158203,168.20196533203125
-100.6064453125,151.64971923828125
-93.94957733154297,166.05825805664062
-86.49810028076172,152.09901428222656
-98.25369262695312,157.1800079345703
-70.62865447998047,142.39447021484375
-74.97533416748047,141.87989807128906
-61.99205780029297,129.4298858642578
-71.82237243652344,149.06436157226562
-90.68064880371094,145.043212890625
-85.14021301269531,143.52102661132812
-63.05909729003906,165.57379150390625
-79.6336441040039,149.3072967529297
-83.73927307128906,159.08509826660156
-93.07425689697266,146.8660125732422
-113.5052490234375,166.05441284179688
-91.58815002441406,145.4828643798828
-105.11256408691406,158.2544708251953
-73.64403533935547,161.4464874267578
-75.83287811279297,161.10250854492188
-80.4727554321289,170.18670654296875
-77.54966735839844,163.5531463623047
-106.88298034667969,148.85226440429688
-85.75749969482422,155.1358184814453
-98.663330078125,151.36865234375
-88.53594970703125,157.34820556640625
-93.17616271972656,158.4814910888672
-95.7071533203125,172.03733825683594
-94.3705062866211,159.34219360351562
-84.63749694824219,168.20111083984375
-91.06813049316406,164.4554901123047
-105.0304946899414,176.0631103515625
-106.44144439697266,177.20413208007812
-85.8810043334961,163.43675231933594
-91.54718017578125,163.2918701171875
-120.48133087158203,170.0466766357422
-111.17044830322266,141.95950317382812
-70.19307708740234,167.21096801757812
-102.23370361328125,162.9289093017578
-111.55326843261719,174.70306396484375
-96.97615051269531,170.46519470214844
-112.13529205322266,172.60110473632812
-109.18293762207031,174.12033081054688
-94.90657043457031,175.57383728027344
-115.67073822021484,162.20285034179688
-109.72792053222656,171.72705078125
-124.8869857788086,-169.24122619628906
-101.63813018798828,160.81002807617188
-89.65607452392578,163.8991241455078
-130.72186279296875,167.2283935546875
-106.83625793457031,172.49066162109375
-136.07814025878906,179.73851013183594
-123.2996597290039,-159.7317352294922
-101.56893157958984,170.9710235595703
-94.52056121826172,-163.8409881591797
-85.88640594482422,165.8730926513672
-78.18942260742188,178.13304138183594
-81.48858642578125,-177.6592559814453
-103.46919250488281,130.99307250976562
-68.27770233154297,162.2240447998047
-92.5679702758789,173.55276489257812
-73.803466796875,172.5161895751953
-102.14803314208984,156.86965942382812
-91.6015853881836,177.75164794921875
-86.88746643066406,166.9603271484375
-98.21460723876953,169.55499267578125
-75.15372467041016,-176.7748565673828
-96.44434356689453,178.09475708007812
-88.56299591064453,175.769775390625
-90.75233459472656,169.10671997070312
-78.11092376708984,165.22901916503906
-91.30171966552734,159.9160614013672
-69.89867401123047,177.427001953125
-85.0835952758789,170.07513427734375
-117.6785659790039,161.77320861816406
-124.0999984741211,160.36155700683594
-106.93596649169922,166.91677856445312
-112.69951629638672,163.81149291992188
-130.69540405273438,168.64166259765625
-93.0275650024414,172.26840209960938
-131.52333068847656,-179.0919189453125
-125.04704284667969,170.20387268066406
-111.2447509765625,144.37481689453125
-90.30965423583984,138.49423217773438
-100.30437469482422,127.8573226928711
-111.95182037353516,137.38870239257812
-85.90548706054688,143.62245178222656
-102.34219360351562,136.9297637939453
-111.19962310791016,147.2296905517578
-123.2009506225586,162.75369262695312
-122.51006317138672,164.95936584472656
-104.10443115234375,145.29356384277344
-106.260498046875,-175.86439514160156
-90.62628936767578,171.6405487060547
-96.14091491699219,165.8309783935547
-81.6913833618164,177.6432647705078
-85.45694732666016,154.86585998535156
-89.09542083740234,143.24864196777344
-76.17770385742188,149.37896728515625
-100.6689224243164,137.6760711669922
-86.57608032226562,168.552734375
-55.56037521362305,151.08665466308594
-91.03751373291016,145.78858947753906
-81.93009948730469,135.30345153808594
-107.86737060546875,155.2597198486328
-88.7169189453125,120.72425842285156
-113.2396011352539,137.0140380859375
-89.80796813964844,147.0538330078125
-93.26404571533203,154.95542907714844
-79.13273620605469,151.49392700195312
-88.91277313232422,164.5316162109375
-106.96337127685547,132.74375915527344
-93.07936096191406,173.85833740234375
-95.82662963867188,177.27877807617188
-91.8609848022461,161.29507446289062
-87.32007598876953,164.2838592529297
-88.2869873046875,164.88885498046875
-100.62625122070312,150.0920867919922
-92.41458892822266,163.11993408203125
-96.48430633544922,170.79946899414062
-110.46990966796875,148.60379028320312
-87.91779327392578,159.1300048828125
-71.27972412109375,169.6160430908203
-67.47600555419922,132.4286346435547
-96.19512939453125,136.89244079589844
-98.5125732421875,136.44569396972656
-85.73841857910156,137.97906494140625
-73.07207489013672,163.86318969726562
-92.80001831054688,140.75889587402344
-78.98699951171875,150.28570556640625
-85.70542907714844,129.76889038085938
-73.53056335449219,136.8697509765625
-78.10270690917969,158.76846313476562
-81.52059173583984,170.11988830566406
-84.01566314697266,155.1317901611328
-102.63774108886719,162.80113220214844
-89.47926330566406,169.6468048095703
-90.48726654052734,150.99183654785156
-100.40560150146484,119.90235137939453
-100.28093719482422,148.80760192871094
-99.63106536865234,142.99757385253906
-105.64048767089844,141.7412109375
-108.70861053466797,158.80833435058594
-88.66860961914062,162.6321258544922
-83.27320861816406,118.37456512451172
-102.0106201171875,149.60093688964844
-93.53837585449219,153.13934326171875
-94.45374298095703,176.98941040039062
-112.50460052490234,147.01560974121094
-116.27301025390625,157.0764617919922
-118.72783660888672,167.5072021484375
-77.22673034667969,172.37098693847656
-83.21092987060547,168.97369384765625
-82.60472869873047,175.49905395507812
-90.17227172851562,159.38658142089844
-59.63515090942383,141.0990447998047
-90.70343017578125,141.3119659423828
-56.142311096191406,164.6446533203125
-65.39892578125,159.812255859375
-88.97048950195312,146.25221252441406
-59.99882507324219,147.3491668701172
-50.33807373046875,147.2625732421875
-69.69847869873047,166.55694580078125
-68.67354583740234,161.24925231933594
-96.26219940185547,144.1979522705078
-97.36337280273438,170.47238159179688
-73.61630249023438,138.4283447265625
-72.96797180175781,148.9084014892578
-85.18601989746094,152.32211303710938
-76.51016235351562,156.6690673828125
-76.89945220947266,149.56666564941406
-65.24597930908203,164.19049072265625
-64.34764099121094,160.01568603515625
-89.68546295166016,160.29090881347656
-72.32351684570312,167.10562133789062
-84.33526611328125,162.20156860351562
-83.16695404052734,154.96922302246094
-72.35979461669922,153.56967163085938
-94.02984619140625,152.7605743408203
-70.90337371826172,171.76620483398438
-81.72888946533203,178.874755859375
-82.42891693115234,168.43197631835938
-78.20134735107422,162.32394409179688
-84.11445617675781,151.1649169921875
-72.4979248046875,149.59844970703125
-89.43753051757812,156.15208435058594
-73.15064239501953,152.8558349609375
-101.890625,166.0889892578125
-100.94620513916016,157.65782165527344
-88.56719207763672,151.13787841796875
-87.8155288696289,162.44508361816406
-95.2701187133789,147.0520782470703
-102.47508239746094,135.57406616210938
-106.90316009521484,144.04544067382812
-75.81800079345703,165.11614990234375
-82.32404327392578,166.44581604003906
-70.38664245605469,148.545166015625
-109.06600189208984,164.983642578125
-91.0302505493164,160.4727020263672
-97.9177017211914,170.17274475097656
-93.66273498535156,165.65184020996094
-104.17723083496094,147.72506713867188
-120.16130065917969,156.93272399902344
-111.74510192871094,141.91868591308594
-74.37612915039062,165.08572387695312
-88.31707763671875,156.56536865234375
-72.85684204101562,156.7642364501953
-63.69365692138672,164.68389892578125
-53.13404083251953,156.39024353027344
-95.05457305908203,162.05760192871094
-57.08441925048828,150.26303100585938
-69.52738952636719,139.60438537597656
-50.005340576171875,155.24232482910156
-31.089189529418945,128.29884338378906
-50.29169464111328,129.82354736328125
-53.0142707824707,137.04263305664062
-59.6453971862793,155.0084228515625
-66.85803985595703,123.90989685058594
-64.6666030883789,137.200927734375
-71.37677001953125,132.40223693847656
-74.70539855957031,149.7515106201172
-78.87710571289062,158.49853515625
-85.2278823852539,168.42160034179688
-69.09703063964844,153.72666931152344
-67.93019104003906,157.81918334960938
-83.69383239746094,148.00408935546875
-89.84442901611328,152.89291381835938
-78.19986724853516,141.2372283935547
-99.87657928466797,162.32650756835938
-85.90062713623047,176.54502868652344
-91.83208465576172,162.5948486328125
-75.2264633178711,159.27740478515625
-75.8858871459961,-177.90826416015625
-82.4329833984375,143.3935089111328
-73.00460815429688,176.40924072265625
-97.80658721923828,161.28439331054688
-75.16233825683594,162.81300354003906
-74.68617248535156,178.16795349121094
-87.24114990234375,176.7809295654297
-70.5237808227539,156.8399200439453
-78.21060180664062,160.4149169921875
-75.03382110595703,156.924560546875
-89.10309600830078,170.3834228515625
-82.36133575439453,175.94696044921875
-81.58100128173828,158.3530731201172
-85.82933807373047,160.9017791748047
-71.01081848144531,155.21200561523438
-67.10930633544922,142.7686004638672
-68.46722412109375,121.61140441894531
-70.20687103271484,149.31529235839844
-71.59773254394531,165.9122314453125
-76.85598754882812,145.68690490722656
-59.289215087890625,178.18997192382812
-63.747039794921875,147.2600555419922
-87.82343292236328,146.04095458984375
-76.99828338623047,-172.5183868408203
-83.9952163696289,167.11611938476562
-71.44332885742188,152.38424682617188
-80.99887084960938,148.10745239257812
-79.4183349609375,134.67825317382812
-79.85887145996094,147.62344360351562
-76.6004409790039,153.49630737304688
-90.6065444946289,152.2496337890625
-89.05490112304688,132.40187072753906
-82.81169128417969,155.3868865966797
-91.54869842529297,150.70530700683594
-104.57276153564453,163.04666137695312
-86.52621459960938,169.6715545654297
-84.92584228515625,175.12538146972656
-67.98712158203125,176.94557189941406
-76.6649169921875,144.10633850097656
-69.19378662109375,163.50672912597656
-85.63174438476562,-178.445068359375
-80.60307312011719,146.1212158203125
-65.02381896972656,150.1458282470703
-94.57064056396484,170.08334350585938
-65.94296264648438,154.4654998779297
-64.49885559082031,173.3374481201172
-69.16091918945312,163.66246032714844
-70.68024444580078,154.52012634277344
-56.3961296081543,163.09640502929688
-89.35934448242188,157.8119354248047
-78.75271606445312,165.09500122070312
-54.28202819824219,161.30844116210938
-81.33293151855469,160.76531982421875
-83.7147445678711,170.27435302734375
-78.42298126220703,156.99827575683594
-84.80049133300781,153.26441955566406
-80.56794738769531,145.1703643798828
-79.89690399169922,160.1167449951172
-88.8082275390625,147.42393493652344
-83.21598815917969,145.71841430664062
-76.51704406738281,155.457763671875
-85.98136901855469,173.6765594482422
-87.48762512207031,136.2252655029297
-77.23446655273438,171.25442504882812
-95.32405090332031,145.46624755859375
-95.87445831298828,145.48902893066406
-103.6233901977539,151.6804962158203
-134.02598571777344,144.8339080810547
-120.26329040527344,145.3465118408203
-108.50765228271484,144.18289184570312
-87.14700317382812,146.28733825683594
-119.80567932128906,147.32089233398438
-85.8936767578125,158.98231506347656
-81.00922393798828,149.82757568359375
-102.14968872070312,139.07931518554688
-106.55909729003906,162.34226989746094
-105.61066436767578,171.9390411376953
-99.31595611572266,150.55264282226562
-111.12866973876953,149.7648468017578
-96.50202178955078,156.69638061523438
-111.49970245361328,164.94972229003906
-117.81378936767578,161.99037170410156
-108.4200668334961,159.4952850341797
-107.6477279663086,156.29197692871094
-111.00140380859375,148.56552124023438
-102.03478240966797,177.9658660888672
-106.0542984008789,163.36460876464844
-134.9728546142578,131.81422424316406
-97.42047882080078,153.7794952392578
-122.31373596191406,162.23974609375
-80.28392028808594,130.3418426513672
-102.22496032714844,149.4475555419922
-106.9329833984375,142.05479431152344
-112.01268005371094,132.2263641357422
-83.13267517089844,152.24508666992188
-106.06354522705078,158.70933532714844
-112.86241149902344,146.37081909179688
-92.11324310302734,142.60470581054688
-92.39144897460938,145.9178924560547
-79.98017883300781,155.49940490722656
-69.96531677246094,142.41790771484375
-77.4839859008789,156.29238891601562
-86.06548309326172,-170.93585205078125
-74.77405548095703,167.7027587890625
-88.76367950439453,179.70152282714844
-66.37147521972656,163.8533477783203
-70.2627944946289,154.81637573242188
-78.634521484375,146.5811004638672
-74.30921936035156,177.2734375
-94.7696304321289,161.85556030273438
-73.10657501220703,163.5151824951172
-94.18201446533203,161.7064971923828
-96.74479675292969,-175.0997772216797
-86.82234954833984,165.98204040527344
-94.443603515625,132.15272521972656
-84.83557891845703,159.84410095214844
-121.46348571777344,73.59821319580078
-113.95306396484375,129.90481567382812
-127.43836212158203,122.19223022460938
-125.27519989013672,165.12588500976562
-114.08867645263672,163.44505310058594
-133.15969848632812,143.87477111816406
-120.32306671142578,127.10902404785156
-137.5052032470703,118.39573669433594
-119.81936645507812,163.84510803222656
-101.30292510986328,154.92919921875
-114.01313018798828,151.0081329345703
-126.09154510498047,124.24618530273438
-125.91188049316406,143.77528381347656
-129.4427032470703,169.44541931152344
