1.316341161727905273e-01
1.022471785545349121e-01
1.645087599754333496e-01
8.380029350519180298e-02
7.998067140579223633e-02
8.137795329093933105e-02
6.858032941818237305e-02
4.755146056413650513e-02
5.490635335445404053e-02
8.205407112836837769e-02
1.073575317859649658e-01
7.721472531557083130e-02
8.391334116458892822e-02
1.202276200056076050e-01
5.515801534056663513e-02
8.566309511661529541e-02
1.077799126505851746e-01
8.702722936868667603e-02
8.417482674121856689e-02
1.091548129916191101e-01
8.771948516368865967e-02
8.745522052049636841e-02
6.947305798530578613e-02
8.891031146049499512e-02
6.807524710893630981e-02
9.509623795747756958e-02
1.235937625169754028e-01
1.216835603117942810e-01
8.348393440246582031e-02
1.006570458412170410e-01
1.359055489301681519e-01
1.342695355415344238e-01
7.277350872755050659e-02
5.607506260275840759e-02
7.079062610864639282e-02
7.833162695169448853e-02
3.128869459033012390e-02
5.384346842765808105e-02
7.397598028182983398e-02
4.052166268229484558e-02
8.398013561964035034e-02
4.420363903045654297e-02
5.471791699528694153e-02
4.645143449306488037e-02
4.612638056278228760e-02
7.114734500646591187e-02
7.769583910703659058e-02
8.730641752481460571e-02
9.729668498039245605e-02
9.034965187311172485e-02
5.180642008781433105e-02
2.913107573986053467e-01
4.627297073602676392e-02
5.397106707096099854e-02
4.445095732808113098e-02
4.180979356169700623e-02
5.582562461495399475e-02
5.363597348332405090e-02
5.482082068920135498e-02
7.368149608373641968e-02
5.920681729912757874e-02
4.467380046844482422e-02
5.819884687662124634e-02
5.620652064681053162e-02
4.206852987408638000e-02
5.403479933738708496e-02
6.597666442394256592e-02
5.486959218978881836e-02
4.713638499379158020e-02
4.537405446171760559e-02
4.847978428006172180e-02
4.551707208156585693e-02
4.400820285081863403e-02
5.099605396389961243e-02
4.584220796823501587e-02
4.686286300420761108e-02
4.965645447373390198e-02
5.572341382503509521e-02
5.066402629017829895e-02
6.172695755958557129e-02
5.687762424349784851e-02
5.423662066459655762e-02
7.214207947254180908e-02
9.463369846343994141e-02
1.459543257951736450e-01
1.389257460832595825e-01
1.006195619702339172e-01
7.884877175092697144e-02
6.826464831829071045e-02
4.291264340281486511e-02
4.236315935850143433e-02
3.490577265620231628e-02
4.520964622497558594e-02
4.657047614455223083e-02
4.222334176301956177e-02
4.464486241340637207e-02
5.285965651273727417e-02
5.187023431062698364e-02
4.691691696643829346e-02
4.172396659851074219e-02
3.752856701612472534e-02
3.524419665336608887e-02
3.870017081499099731e-02
4.570861533284187317e-02
4.481519758701324463e-02
3.683236241340637207e-02
4.318625852465629578e-02
4.928458109498023987e-02
4.510821402072906494e-02
4.555616155266761780e-02
3.616723790764808655e-02
3.513915464282035828e-02
3.829358145594596863e-02
3.654044866561889648e-02
4.155648872256278992e-02
4.821275174617767334e-02
4.274709150195121765e-02
4.453218355774879456e-02
3.039013035595417023e-02
4.136276245117187500e-02
4.490792006254196167e-02
3.670780360698699951e-02
4.908567667007446289e-02
5.808380991220474243e-02
4.178432002663612366e-02
4.378770291805267334e-02
4.680708423256874084e-02
5.346360802650451660e-02
4.777877405285835266e-02
5.238156393170356750e-02
6.226479262113571167e-02
4.870575293898582458e-02
4.764428362250328064e-02
6.157500296831130981e-02
6.809461116790771484e-02
6.985001266002655029e-02
7.443597912788391113e-02
7.559213787317276001e-02
1.061137244105339050e-01
8.849670737981796265e-02
7.238744944334030151e-02
4.118883237242698669e-02
4.489340633153915405e-02
5.063449591398239136e-02
4.527955502271652222e-02
3.866453841328620911e-02
3.942168503999710083e-02
3.852866217494010925e-02
4.585212096571922302e-02
4.169068485498428345e-02
3.747826442122459412e-02
4.378213360905647278e-02
4.345139116048812866e-02
4.176288843154907227e-02
3.681715950369834900e-02
3.508392721414566040e-02
3.650399670004844666e-02
3.829858079552650452e-02
4.366526752710342407e-02
4.469312727451324463e-02
4.532921314239501953e-02
4.814062267541885376e-02
6.622195243835449219e-02
6.716170161962509155e-02
5.706072971224784851e-02
7.031911611557006836e-02
6.323464214801788330e-02
5.826204270124435425e-02
5.418784543871879578e-02
7.135225087404251099e-02
6.489656865596771240e-02
7.605329900979995728e-02
5.748787522315979004e-02
6.054250895977020264e-02
5.969809740781784058e-02
6.739859282970428467e-02
5.774655193090438843e-02
5.784225091338157654e-02
7.173074036836624146e-02
6.933259218931198120e-02
6.583200395107269287e-02
5.775478482246398926e-02
4.612787812948226929e-02
5.288186296820640564e-02
5.163592100143432617e-02
4.883193597197532654e-02
4.723908007144927979e-02
3.713119029998779297e-02
4.246649146080017090e-02
4.491127282381057739e-02
4.742662981152534485e-02
4.533516615629196167e-02
4.326850920915603638e-02
4.139364138245582581e-02
4.717712476849555969e-02
5.656605586409568787e-02
5.273864790797233582e-02
5.760461837053298950e-02
4.838253930211067200e-02
4.604537412524223328e-02
6.052597612142562866e-02
4.671616852283477783e-02
4.759873077273368835e-02
5.648364871740341187e-02
4.569955542683601379e-02
5.038326978683471680e-02
4.743212088942527771e-02
4.814596846699714661e-02
4.080764949321746826e-02
5.018026754260063171e-02
5.138940364122390747e-02
5.451652035117149353e-02
6.175869330763816833e-02
5.855083838105201721e-02
6.215814873576164246e-02
6.572128832340240479e-02
8.501205593347549438e-02
8.676877617835998535e-02
5.296643078327178955e-02
5.304660648107528687e-02
4.902656748890876770e-02
5.295049026608467102e-02
4.748358577489852905e-02
4.160565882921218872e-02
3.937967866659164429e-02
5.654029548168182373e-02
6.076817959547042847e-02
5.212638899683952332e-02
4.937329888343811035e-02
4.656860977411270142e-02
5.484727025032043457e-02
5.637165904045104980e-02
7.232123613357543945e-02
6.502562761306762695e-02
7.334939390420913696e-02
5.991279333829879761e-02
5.839762464165687561e-02
6.147758662700653076e-02
6.747980415821075439e-02
6.135313585400581360e-02
5.160393193364143372e-02
5.309365689754486084e-02
6.772000342607498169e-02
5.060865357518196106e-02
7.449490576982498169e-02
1.060195267200469971e-01
7.755855470895767212e-02
6.959702819585800171e-02
6.759233027696609497e-02
6.438070535659790039e-02
5.723308026790618896e-02
4.441497847437858582e-02
4.409055039286613464e-02
5.502220243215560913e-02
4.881968721747398376e-02
4.266469925642013550e-02
4.527445137500762939e-02
6.213371828198432922e-02
5.473026633262634277e-02
5.208191648125648499e-02
3.864582255482673645e-02
5.267664790153503418e-02
4.806126281619071960e-02
4.543088003993034363e-02
4.514035955071449280e-02
5.506032332777976990e-02
5.572887882590293884e-02
5.040610209107398987e-02
4.873016849160194397e-02
5.768403038382530212e-02
6.483314931392669678e-02
5.708731338381767273e-02
5.539500340819358826e-02
5.882402136921882629e-02
5.497387051582336426e-02
5.794742703437805176e-02
6.138140708208084106e-02
5.078182741999626160e-02
4.981418326497077942e-02
5.376061797142028809e-02
5.250395089387893677e-02
5.376701056957244873e-02
5.302670225501060486e-02
5.680612847208976746e-02
4.663631692528724670e-02
4.662983492016792297e-02
5.011201649904251099e-02
5.333923548460006714e-02
5.467481166124343872e-02
4.706045985221862793e-02
4.942139610648155212e-02
5.489894747734069824e-02
4.351948574185371399e-02
4.913382232189178467e-02
5.168913304805755615e-02
5.413112416863441467e-02
5.840643867850303650e-02
5.905960500240325928e-02
6.638845056295394897e-02
7.172111421823501587e-02
6.287530809640884399e-02
6.257953494787216187e-02
6.933536380529403687e-02
6.723089516162872314e-02
5.326146632432937622e-02
5.610805749893188477e-02
6.357877701520919800e-02
5.776887759566307068e-02
5.089375749230384827e-02
4.799256846308708191e-02
4.691334813833236694e-02
5.237327888607978821e-02
5.601736158132553101e-02
5.296995863318443298e-02
4.804585874080657959e-02
4.528150334954261780e-02
4.467271268367767334e-02
4.982134327292442322e-02
5.014303326606750488e-02
5.728506669402122498e-02
5.793356150388717651e-02
5.178758129477500916e-02
5.304778367280960083e-02
4.932617396116256714e-02
6.223452836275100708e-02
5.896993726491928101e-02
7.240486145019531250e-02
6.434129178524017334e-02
6.034308671951293945e-02
5.394412204623222351e-02
4.765808209776878357e-02
5.250160396099090576e-02
5.103861168026924133e-02
6.565232574939727783e-02
6.251842528581619263e-02
5.225385725498199463e-02
5.059269070625305176e-02
4.881066083908081055e-02
3.756710514426231384e-02
3.485504910349845886e-02
3.830668702721595764e-02
3.799090534448623657e-02
4.315550252795219421e-02
3.369263932108879089e-02
3.385850042104721069e-02
3.741652518510818481e-02
3.432486578822135925e-02
3.209811821579933167e-02
3.756506368517875671e-02
4.084862396121025085e-02
3.686371073126792908e-02
4.752401262521743774e-02
4.438175633549690247e-02
3.312925621867179871e-02
3.924316912889480591e-02
4.847349971532821655e-02
5.246928706765174866e-02
5.595402792096138000e-02
5.211844667792320251e-02
5.773558840155601501e-02
6.388393044471740723e-02
6.741958111524581909e-02
6.040316820144653320e-02
7.482424378395080566e-02
6.476069241762161255e-02
7.116457819938659668e-02
7.486920803785324097e-02
6.947034597396850586e-02
8.662939816713333130e-02
9.452615678310394287e-02
6.798902899026870728e-02
8.827432990074157715e-02
7.894468307495117188e-02
7.642362266778945923e-02
7.096300274133682251e-02
5.744963139295578003e-02
4.643849283456802368e-02
6.300495564937591553e-02
6.443442404270172119e-02
4.391900077462196350e-02
4.910014197230339050e-02
6.096326559782028198e-02
6.482994556427001953e-02
6.924294680356979370e-02
7.731395959854125977e-02
9.985475242137908936e-02
8.042368292808532715e-02
7.675817608833312988e-02
9.577449411153793335e-02
8.459797501564025879e-02
9.306020289659500122e-02
1.216252073645591736e-01
1.202247887849807739e-01
1.107169240713119507e-01
1.208369284868240356e-01
1.447402238845825195e-01
1.404988467693328857e-01
1.514049172401428223e-01
1.525752544403076172e-01
1.217039451003074646e-01
1.025634109973907471e-01
1.115379557013511658e-01
9.412683546543121338e-02
1.217526346445083618e-01
1.232989206910133362e-01
8.281476050615310669e-02
8.635317534208297729e-02
9.633819758892059326e-02
1.002316325902938843e-01
8.280342817306518555e-02
7.683399319648742676e-02
5.873258039355278015e-02
6.358106434345245361e-02
6.992540508508682251e-02
7.765303552150726318e-02
7.979286462068557739e-02
5.946382880210876465e-02
5.477467924356460571e-02
7.472761720418930054e-02
9.407260268926620483e-02
8.244358003139495850e-02
6.633504480123519897e-02
8.086425811052322388e-02
9.697928279638290405e-02
9.077841043472290039e-02
7.786943763494491577e-02
7.807970792055130005e-02
7.940005511045455933e-02
8.282385021448135376e-02
7.460612803697586060e-02
7.638057321310043335e-02
8.328294754028320312e-02
8.615199476480484009e-02
7.868962734937667847e-02
6.966246664524078369e-02
8.421345800161361694e-02
8.063482493162155151e-02
8.920470625162124634e-02
1.012065187096595764e-01
7.685222476720809937e-02
9.208931028842926025e-02
1.351518332958221436e-01
1.111372858285903931e-01
9.091828018426895142e-02
9.366084635257720947e-02
7.931529730558395386e-02
9.449191391468048096e-02
1.025081202387809753e-01
1.088911071419715881e-01
1.173033341765403748e-01
1.072427332401275635e-01
7.636899501085281372e-02
6.791738420724868774e-02
7.717579603195190430e-02
4.661231487989425659e-02
6.346017867326736450e-02
7.919860631227493286e-02
6.807412207126617432e-02
5.806291475892066956e-02
6.469096988439559937e-02
5.390623584389686584e-02
4.715325683355331421e-02
6.180712580680847168e-02
5.472928285598754883e-02
5.511114001274108887e-02
6.361602991819381714e-02
6.466197222471237183e-02
6.439392268657684326e-02
7.260468602180480957e-02
7.841902226209640503e-02
5.585908517241477966e-02
5.432219058275222778e-02
6.600728631019592285e-02
4.382866993546485901e-02
4.674587026238441467e-02
8.179795742034912109e-02
8.049289882183074951e-02
1.019559875130653381e-01
5.527127161622047424e-02
6.383326649665832520e-02
3.929461911320686340e-02
5.045666545629501343e-02
4.023114964365959167e-02
3.166507557034492493e-02
3.671178221702575684e-02
3.630486130714416504e-02
3.767973184585571289e-02
4.446314275264739990e-02
4.863432794809341431e-02
3.680755198001861572e-02
3.696743771433830261e-02
5.214030668139457703e-02
5.250398442149162292e-02
5.288406461477279663e-02
5.289297550916671753e-02
5.042622610926628113e-02
5.199028551578521729e-02
6.443394720554351807e-02
5.530501157045364380e-02
5.937814339995384216e-02
5.979632213711738586e-02
4.932028055191040039e-02
5.162078887224197388e-02
7.330174744129180908e-02
5.859065800905227661e-02
7.781167328357696533e-02
1.189974322915077209e-01
9.715446084737777710e-02
7.239610701799392700e-02
8.385834842920303345e-02
