1.723873615264892578e-01
1.575394719839096069e-01
8.981542289257049561e-02
6.802425533533096313e-02
7.067073881626129150e-02
1.422850042581558228e-01
6.999102234840393066e-02
9.517624229192733765e-02
7.614361494779586792e-02
5.507958680391311646e-02
4.909108579158782959e-02
5.482152849435806274e-02
5.550384521484375000e-02
4.861083254218101501e-02
5.961392447352409363e-02
6.293679028749465942e-02
6.005411222577095032e-02
8.553703129291534424e-02
6.768651306629180908e-02
7.644214481115341187e-02
4.202536121010780334e-02
3.841839358210563660e-02
4.636336490511894226e-02
4.560777544975280762e-02
3.765614703297615051e-02
5.482374504208564758e-02
4.310980439186096191e-02
6.290715187788009644e-02
6.897076219320297241e-02
4.893130436539649963e-02
5.025833845138549805e-02
5.390248447656631470e-02
6.520386040210723877e-02
4.931602999567985535e-02
3.946864232420921326e-02
4.389961063861846924e-02
3.847264871001243591e-02
1.033448725938796997e-01
8.210983127355575562e-02
1.122579202055931091e-01
6.770917773246765137e-02
4.340033605694770813e-02
3.923959657549858093e-02
3.755967319011688232e-02
5.519901961088180542e-02
4.953479021787643433e-02
4.348124191164970398e-02
4.475798830389976501e-02
5.719738081097602844e-02
6.335698813199996948e-02
4.735998436808586121e-02
5.795910954475402832e-02
6.822818517684936523e-02
3.831590712070465088e-02
4.748131707310676575e-02
5.085830390453338623e-02
4.301228374242782593e-02
4.148675873875617981e-02
4.342389479279518127e-02
4.466237500309944153e-02
5.590532720088958740e-02
7.431831210851669312e-02
5.558571964502334595e-02
3.047002851963043213e-02
3.091207146644592285e-02
3.281217813491821289e-02
3.295345604419708252e-02
3.609905019402503967e-02
4.124714061617851257e-02
4.479443654417991638e-02
3.969377651810646057e-02
4.736119136214256287e-02
4.812134429812431335e-02
4.943156987428665161e-02
4.865840077400207520e-02
5.932151526212692261e-02
5.831092968583106995e-02
4.854585230350494385e-02
5.477060750126838684e-02
5.383135750889778137e-02
5.101689696311950684e-02
4.475210607051849365e-02
4.232249036431312561e-02
3.489368781447410583e-02
4.533511400222778320e-02
4.400829970836639404e-02
3.968460485339164734e-02
5.085541307926177979e-02
4.732681065797805786e-02
5.306946113705635071e-02
4.912953823804855347e-02
3.790559247136116028e-02
3.622301667928695679e-02
4.488236829638481140e-02
6.090347096323966980e-02
6.003575772047042847e-02
8.223282545804977417e-02
1.023903116583824158e-01
7.991094887256622314e-02
1.014607623219490051e-01
9.011454135179519653e-02
6.666791439056396484e-02
9.546832740306854248e-02
9.339838474988937378e-02
6.691104173660278320e-02
5.142074823379516602e-02
4.444194212555885315e-02
4.628148302435874939e-02
4.058091342449188232e-02
3.049097582697868347e-02
3.855173662304878235e-02
2.871106751263141632e-02
2.646071277558803558e-02
2.863617055118083954e-02
2.693913877010345459e-02
2.639548666775226593e-02
2.398452349007129669e-02
2.903748862445354462e-02
3.045384958386421204e-02
3.717478364706039429e-02
3.790459781885147095e-02
4.085465520620346069e-02
5.515943467617034912e-02
4.873237386345863342e-02
5.045668035745620728e-02
5.629346519708633423e-02
5.807868391275405884e-02
6.562664359807968140e-02
6.583957374095916748e-02
6.985766440629959106e-02
8.043245226144790649e-02
9.340966492891311646e-02
6.394399702548980713e-02
6.905885040760040283e-02
6.928743422031402588e-02
3.836267068982124329e-02
4.387748613953590393e-02
3.781803324818611145e-02
3.545664623379707336e-02
4.586484283208847046e-02
4.998992383480072021e-02
3.257309272885322571e-02
3.143528103828430176e-02
3.929978981614112854e-02
3.949353843927383423e-02
4.651153832674026489e-02
4.488151147961616516e-02
4.123757407069206238e-02
2.482475526630878448e-02
2.678544446825981140e-02
2.518062852323055267e-02
2.828698232769966125e-02
4.656362906098365784e-02
6.523102521896362305e-02
6.398826837539672852e-02
6.314779818058013916e-02
6.265489012002944946e-02
6.402236968278884888e-02
4.154651239514350891e-02
5.044421926140785217e-02
5.333305522799491882e-02
1.286555975675582886e-01
1.278818547725677490e-01
6.042677536606788635e-02
3.313838690519332886e-02
2.933908440172672272e-02
4.373975843191146851e-02
5.740455165505409241e-02
5.110495910048484802e-02
7.149536907672882080e-02
4.547365009784698486e-02
3.877659514546394348e-02
3.383642807602882385e-02
4.082226753234863281e-02
3.876902908086776733e-02
3.805930167436599731e-02
3.406525403261184692e-02
3.518887236714363098e-02
4.229350015521049500e-02
5.617715418338775635e-02
7.274643331766128540e-02
7.846010476350784302e-02
8.508179336786270142e-02
7.023499906063079834e-02
5.696136131882667542e-02
5.504737049341201782e-02
4.955223575234413147e-02
4.673853516578674316e-02
4.293351247906684875e-02
3.492866456508636475e-02
2.426532283425331116e-02
2.818261831998825073e-02
2.747368253767490387e-02
2.709307707846164703e-02
3.540645912289619446e-02
3.577456995844841003e-02
3.779104351997375488e-02
4.155123233795166016e-02
3.536288812756538391e-02
3.674805536866188049e-02
3.083298541605472565e-02
5.257656052708625793e-02
4.586921259760856628e-02
3.301232308149337769e-02
8.002571761608123779e-02
6.933076679706573486e-02
5.935590714216232300e-02
5.231795832514762878e-02
6.568299978971481323e-02
1.016881689429283142e-01
6.386877596378326416e-02
5.658434703946113586e-02
4.630207642912864685e-02
3.705745190382003784e-02
4.600347578525543213e-02
3.212356567382812500e-02
3.629859536886215210e-02
3.930712491273880005e-02
5.240462720394134521e-02
4.306985810399055481e-02
4.689439758658409119e-02
6.345936655998229980e-02
6.340354681015014648e-02
6.011959910392761230e-02
4.221102222800254822e-02
3.769611567258834839e-02
5.585325509309768677e-02
6.556614488363265991e-02
5.747373029589653015e-02
7.461650669574737549e-02
7.669934630393981934e-02
1.012780517339706421e-01
1.056176200509071350e-01
1.075293645262718201e-01
1.088410839438438416e-01
1.088631376624107361e-01
9.341599047183990479e-02
7.519406080245971680e-02
9.089761972427368164e-02
7.647548615932464600e-02
5.425784736871719360e-02
6.062494590878486633e-02
5.523570999503135681e-02
5.095383152365684509e-02
4.150776937603950500e-02
5.388382077217102051e-02
5.216837674379348755e-02
5.040998756885528564e-02
4.980712756514549255e-02
4.863849654793739319e-02
5.035568773746490479e-02
4.562298581004142761e-02
3.817554563283920288e-02
4.042227566242218018e-02
4.263360425829887390e-02
6.432932615280151367e-02
5.251441150903701782e-02
4.472904279828071594e-02
4.193032905459403992e-02
6.262793391942977905e-02
3.933008760213851929e-02
3.510059416294097900e-02
4.482144489884376526e-02
5.125858634710311890e-02
4.453991726040840149e-02
5.429636314511299133e-02
7.140304148197174072e-02
7.009524852037429810e-02
8.637856692075729370e-02
6.081433221697807312e-02
6.335575878620147705e-02
6.136632710695266724e-02
5.528767034411430359e-02
4.914422333240509033e-02
6.364323198795318604e-02
4.775796085596084595e-02
3.784333914518356323e-02
5.738735198974609375e-02
4.212540015578269958e-02
3.904348611831665039e-02
4.930312931537628174e-02
4.646772146224975586e-02
5.247277393937110901e-02
5.211240798234939575e-02
4.692310839891433716e-02
4.291624948382377625e-02
4.233607649803161621e-02
3.825511410832405090e-02
3.650381416082382202e-02
4.409663751721382141e-02
4.465608671307563782e-02
4.054733365774154663e-02
3.440288081765174866e-02
3.840001299977302551e-02
3.905716910958290100e-02
3.639942780137062073e-02
3.645222634077072144e-02
3.740205615758895874e-02
4.016879200935363770e-02
4.026534408330917358e-02
5.142283067107200623e-02
7.445429265499114990e-02
6.356856226921081543e-02
4.465539380908012390e-02
4.394424334168434143e-02
5.170183628797531128e-02
6.201697140932083130e-02
6.367153674364089966e-02
5.795896798372268677e-02
4.547234252095222473e-02
5.309785529971122742e-02
4.002230241894721985e-02
3.920349478721618652e-02
3.209682181477546692e-02
3.799325227737426758e-02
3.154821693897247314e-02
3.244027122855186462e-02
2.893881499767303467e-02
2.982229925692081451e-02
3.907916694879531860e-02
3.777445480227470398e-02
3.755881264805793762e-02
4.293483868241310120e-02
4.136679321527481079e-02
4.435166716575622559e-02
3.459950536489486694e-02
2.930547110736370087e-02
3.193151578307151794e-02
3.911247849464416504e-02
3.121127001941204071e-02
2.799087017774581909e-02
3.201822564005851746e-02
4.641988128423690796e-02
3.676776215434074402e-02
4.849036037921905518e-02
6.771775335073471069e-02
4.933502152562141418e-02
5.750123038887977600e-02
6.651919335126876831e-02
6.204029172658920288e-02
5.623603612184524536e-02
4.083458706736564636e-02
4.482007026672363281e-02
3.393383324146270752e-02
3.610228002071380615e-02
2.893093414604663849e-02
2.920975722372531891e-02
2.554096654057502747e-02
3.166176751255989075e-02
2.872914262115955353e-02
3.358102217316627502e-02
3.262486681342124939e-02
3.534178063273429871e-02
3.312664106488227844e-02
2.938884869217872620e-02
4.164752364158630371e-02
4.823252186179161072e-02
5.086386203765869141e-02
4.923457652330398560e-02
5.895275250077247620e-02
6.086372211575508118e-02
6.260284781455993652e-02
3.975111618638038635e-02
4.260868951678276062e-02
4.534805566072463989e-02
4.847454652190208435e-02
4.221077263355255127e-02
4.251128062605857849e-02
3.500394150614738464e-02
3.197501599788665771e-02
5.375885963439941406e-02
4.486107081174850464e-02
3.987861424684524536e-02
4.206285998225212097e-02
3.830112516880035400e-02
3.485776111483573914e-02
3.137628734111785889e-02
3.462211042642593384e-02
4.148452728986740112e-02
4.418382793664932251e-02
4.357507824897766113e-02
4.407912865281105042e-02
4.479004442691802979e-02
3.681142628192901611e-02
4.228040575981140137e-02
3.603222966194152832e-02
3.695221245288848877e-02
3.959238901734352112e-02
5.681715905666351318e-02
7.494185864925384521e-02
5.857727304100990295e-02
5.764324963092803955e-02
